-104.973198 9.924910 3.403724 -7.180918 6.167002 -6.419791 4.937593 -9.378689 -5.353834 2.890988 5.633342 8.659156 1.181924 1.397750 2.127330 -5.311467 -9.073459 -0.744104 9.436252 5.374909 9.520319 5.865742 0.090793 2.382653 -8.502635 2.088768 1.022809 2.984193 8.312566 9.450921 -8.793878 0.060171 1.757453 -1.487695 2.122297 -2.715288 8.557169 5.953278 -1.713431 9.012010 -8.113544 -3.798310 -2.311787 -4.149709 -9.754314 9.790263 9.183413 -2.574864 0.735166 0.877022 4.912295 -9.132478 -2.335044 1.768054 -1.131529 3.349627 7.427313 -0.570288 7.960920 9.679038 3.632623 -6.902538 2.784306 9.213211 -7.469066 7.219161 3.547490 1.932825 -3.504314 4.637962 8.383745 8.336083 -5.918635 -6.408519 6.545071 -7.112588 0.626232 -3.048656 -0.653746 -3.862232 6.981310 4.133556 -5.319331 -2.426498 -8.143136 -8.590915 7.581743 7.795917 5.256508 -2.900372 -6.056003 -2.327276 1.583580 -0.783418 6.524498 -5.730468 -2.160435 -0.698579 9.162555 -4.722068 
6.195982 103.976350 6.126665 -5.686323 3.529541 -5.621854 7.545008 -4.386752 -2.549144 8.819118 0.132702 2.947837 3.092879 1.446838 -1.945042 -8.230551 -7.661015 -8.150753 -1.591587 -9.932457 9.635864 8.595500 -1.289399 -8.748042 9.810578 -3.744495 1.120344 -3.840223 5.596569 8.151335 -2.854495 -1.093505 -0.794484 -0.669168 -4.555284 2.990865 -6.369546 -7.996994 -8.972337 8.460300 -0.286737 -7.010923 5.643307 4.244979 7.423022 -0.404203 -9.982350 9.434730 0.870243 -7.065794 -8.099185 -8.977276 -8.485265 0.245454 -2.275425 6.068249 2.880579 8.272060 7.113275 -6.458451 1.922088 -7.687881 9.217222 -6.326276 9.037278 5.793750 -7.899137 -9.101085 6.115701 1.928022 2.236500 5.402210 8.684416 3.508641 8.105384 5.897175 -9.628744 9.969675 -9.581348 8.761154 4.121222 -2.483045 -6.573185 -4.108355 -3.157510 -6.578251 7.901074 -1.230584 -7.394371 5.244387 1.329178 -7.808972 2.808630 -6.418307 -5.215021 1.607098 -1.333748 -1.007224 3.095153 -8.646135 
-6.027333 -0.512235 -108.365744 -9.656660 2.250338 -3.061980 -5.708571 4.364975 0.036808 -8.499612 -2.273234 2.704315 4.188807 6.740614 -4.812106 -7.555396 7.550599 -6.029351 -4.018993 4.178048 6.056679 -6.869211 7.389065 7.550611 -3.792063 -4.454814 0.038599 0.080643 9.056640 3.187563 4.875879 5.119660 8.174051 -2.512527 6.271219 1.422088 6.691152 -6.277353 4.191282 -9.902860 5.381309 0.157971 3.776913 9.916479 7.004975 7.996585 -6.932489 1.947607 8.486553 -0.619372 2.600727 -1.924367 -7.485050 -6.317081 3.475256 -9.395633 -6.400655 4.825711 5.459539 -1.227877 4.496397 9.848695 -8.056415 -7.740375 7.819681 -9.407049 -8.195282 1.063733 0.695768 1.174262 3.706347 -6.116354 -7.233185 -3.150703 1.346050 -6.216539 9.391145 0.290344 0.724778 6.336112 6.023156 -1.395889 0.504076 4.890978 5.858234 -0.587252 1.991921 -9.461144 9.791265 -9.686980 -1.817179 1.574775 1.605625 -0.278017 -0.244443 -7.273849 6.005071 2.939831 2.736078 2.356666 
-5.406499 -6.305209 7.910266 101.981277 -3.418606 5.247015 4.839315 -2.528808 9.246699 -0.553585 -2.378874 5.141058 9.129934 -2.459225 1.490814 -0.707358 8.045372 -9.099098 8.991283 -4.515746 8.300755 4.107699 -7.000640 8.746705 -1.673751 -9.534027 -2.420033 2.987110 6.602345 7.614476 5.215408 -6.363944 -6.156943 -3.553531 -8.168397 7.700769 -9.775044 -8.681566 -2.763172 9.212317 8.401423 -4.998290 -7.174836 -2.705129 5.249143 -3.153927 9.248394 5.640009 0.651540 -8.738262 9.009058 -6.463463 5.883909 -1.701225 7.381079 0.530376 4.065982 2.543537 -0.574189 4.179732 -0.379066 1.175998 9.925653 -4.895334 5.640590 -1.183621 -8.190184 -1.169923 0.496641 -2.643304 2.706494 -6.655286 -7.317824 -3.794039 -5.915935 -6.166747 0.057923 -1.703676 -6.185332 4.502360 9.623864 3.887104 -2.654406 -3.731139 5.854669 -5.073741 -4.319384 9.139745 4.876822 8.286281 -9.967996 -0.741434 8.523294 9.021551 -7.865644 -1.387726 9.685017 -5.130388 6.203666 0.320849 
6.814308 3.128040 -2.970489 5.577055 106.043260 5.274462 -4.310419 9.044308 -5.174317 -3.009499 -2.107459 -8.615324 -6.714704 7.229268 -1.684268 8.732564 -7.682012 3.819962 -0.218966 -5.940760 -9.027907 -6.706257 9.762161 3.886186 -4.329479 -5.024088 -1.489987 9.918509 -4.040127 6.166200 -1.739632 7.469429 6.650616 8.965413 9.553749 -1.911206 6.685642 6.739963 -9.984624 8.425316 -6.927914 2.195168 -0.501534 -4.138493 9.436065 9.810683 1.121364 0.750122 1.924901 -1.476587 -8.256139 3.459242 8.011872 -4.676739 -7.204013 3.737129 7.508500 -6.563589 -6.251858 9.393571 -6.230183 -9.431975 3.374151 -6.387240 -2.081668 4.605552 1.451511 6.554034 6.758499 -4.949882 -7.412356 2.316110 -9.591413 3.278055 3.309104 3.256010 -4.160707 -0.535943 8.642869 -1.903348 4.125852 -6.711640 -9.297612 -8.656428 3.338774 2.170873 -2.111825 8.315752 -2.365699 5.721505 5.476389 1.117521 0.689264 1.334135 -2.089527 -5.675874 -9.730781 9.766429 -4.576585 2.413887 
-7.395318 -7.475303 7.600142 -2.841196 -5.854908 105.271383 -2.778543 1.915869 -3.909163 -8.624063 -4.741988 6.354646 -1.601733 5.994399 -3.247270 -8.854684 8.114119 -7.379969 6.976407 -7.263847 9.952009 -7.657657 1.111742 9.143046 -9.006856 -9.619762 -8.036374 -7.956601 -5.580078 -0.199701 5.481041 7.813464 7.771709 3.927967 9.228733 -6.511276 9.462203 8.577195 -2.335445 9.298546 -5.581092 -7.736117 -3.064038 5.503562 -5.947627 2.277624 6.503390 -3.052372 -4.951167 4.975108 -9.802176 6.220128 7.295527 6.888034 -2.058400 4.846713 9.664095 5.343874 2.898721 -0.693355 3.736719 2.631689 -1.040203 6.056547 -3.713679 -4.723248 -6.641961 -0.480958 -3.680893 1.241654 8.179616 -4.155004 -4.529624 9.815397 -2.070977 -6.380051 5.548550 -3.358207 -8.585277 2.923976 1.242851 -6.910472 9.671613 -8.026029 -6.154838 -1.942701 5.720552 9.571304 8.201113 0.009193 6.131288 -4.355265 7.792565 9.995825 7.679166 -7.997267 -6.345759 5.865672 3.085009 8.207634 
-4.605409 -1.977645 -6.577334 6.594092 3.995601 9.191547 108.250035 -1.529651 8.568526 1.586319 6.106108 -2.563359 -1.105864 8.311657 5.046787 0.036216 0.212371 -8.996829 3.116432 -9.314132 -4.597561 6.792576 2.765895 -8.541717 6.774130 2.137137 1.839716 0.889746 5.858556 -2.507809 2.824334 8.662999 -0.359066 4.861058 3.304501 -8.785800 -2.399302 5.001764 -1.991556 3.722837 2.333890 4.562225 -2.317252 -5.297542 3.240249 -8.514296 -2.684847 8.640607 2.013201 1.177101 1.547136 -8.509430 2.396247 -3.655238 -6.564086 -2.662770 -6.437976 9.968923 7.686990 -9.236417 -8.501582 -8.237496 -1.635896 -3.075231 -3.218425 0.443851 6.742432 -1.255786 1.136497 -1.783123 -6.835544 9.787056 -8.514500 -6.266809 6.280477 -6.673343 4.547452 -4.023971 -7.183732 5.903596 0.657317 -4.128143 6.679395 -1.751114 -1.103815 -0.369546 0.379914 0.937907 3.718360 0.154784 -1.227381 -9.407008 -2.789166 -1.386913 -6.375703 -1.542362 4.427377 9.553800 9.229569 9.855028 
4.741898 1.068027 -9.687733 8.019595 -3.919302 7.184842 6.562220 -103.939269 -3.118954 3.595668 7.914920 1.884254 -7.849208 -2.580108 1.142649 -9.893564 7.358279 1.821696 -7.784407 1.876195 3.018055 1.045084 -1.016336 -4.069210 -6.758593 9.780627 -0.403475 6.049810 1.968647 7.574352 -3.883004 -3.601807 6.300772 9.983086 -2.735213 -8.168481 -3.558428 -6.529246 4.533377 2.676928 -7.553123 -4.747115 6.953282 0.273586 -8.497877 -0.557063 1.293396 -9.575565 -6.839095 0.022271 -3.086826 9.025612 7.487816 -8.854523 6.291234 -9.062415 9.906535 -8.040243 -8.164349 7.193686 5.815810 4.870977 0.403781 -1.048787 4.733946 -9.071164 -4.824543 7.927702 -7.384834 3.993013 9.685653 7.494070 -4.220783 -4.855238 -0.581390 7.241433 -3.401259 1.763284 -3.076886 3.473933 -8.039021 9.248137 8.464681 -0.915718 0.267265 6.961897 -6.571803 4.806732 -2.895410 -4.735895 -5.192535 7.101758 -5.237380 -2.629548 5.672878 9.678212 3.090495 0.458451 -0.137390 -8.581468 
-3.191808 0.507011 4.087532 -9.061410 -8.176194 -0.138126 7.271090 -1.117043 -109.050511 2.184882 0.915091 -8.357606 -3.860542 -5.806674 2.887813 4.797406 9.558347 4.139796 0.771885 9.868427 8.509198 7.031488 -4.640882 4.243143 7.779036 -7.082421 -0.782022 -5.771236 -8.716117 9.537892 2.425790 7.629075 -5.689025 -3.360490 9.421548 -1.801215 -8.454631 -5.329608 7.421742 -8.308132 4.890328 -3.767532 9.200677 -9.042375 -1.155231 -1.235418 2.884337 3.870352 -8.731887 9.431405 -3.277261 5.797990 -1.184212 8.360494 -6.286650 -0.328422 4.101381 4.519184 9.020400 8.587470 -3.382231 -2.037891 -7.258943 0.708730 -4.252080 2.393691 -9.900498 0.053430 -6.809585 -2.670081 -3.851256 6.154946 1.957311 7.856044 1.955680 -1.281095 5.909832 -3.915563 5.262669 -2.500339 -4.723081 -0.963552 -9.348233 -3.451169 -7.866885 -9.212147 2.287290 -0.831088 -6.682214 0.781908 -4.353271 1.282890 2.273900 9.070189 4.988493 1.328223 -6.763247 -9.913576 -5.187489 6.599043 
-6.364615 8.661953 -0.478638 9.251825 4.748479 -4.677221 0.191363 -1.523437 8.985589 101.095137 -7.950730 -1.340027 2.536554 -3.144192 -4.351004 1.839071 -3.738815 -2.886851 5.540672 5.703925 -5.948994 -4.676552 -6.851733 4.084943 5.283272 -3.421910 -5.493300 -1.527322 -2.182003 -7.892861 -9.174560 8.110772 5.742970 -8.139722 -5.296237 0.428014 2.350204 3.261507 -1.173277 -0.751053 6.653334 -5.186172 -1.114538 -2.020950 -8.543954 8.064707 -6.909309 -2.268939 -1.056120 -9.941130 -0.730560 8.541091 0.467504 0.355202 -8.403144 -7.277278 9.826518 4.341950 -0.852456 4.026414 -5.978787 -6.952922 8.639697 -2.519736 7.431839 3.307538 9.833958 9.628389 -0.592284 -5.090351 -2.439178 2.074723 -6.372041 0.909044 -2.664278 -8.403858 -5.291267 -2.981167 -9.297068 6.220891 -3.503709 8.924346 6.999179 -9.567278 7.388348 4.511462 -0.936552 0.599565 7.325843 6.942234 5.062765 -1.625886 -1.916487 -2.923333 -5.041981 -7.628772 5.812051 -7.006239 7.252927 -0.421787 
2.570846 -7.310702 -8.569157 -0.156989 3.920667 -0.060456 8.178731 -1.595654 5.283165 -8.462387 107.149585 6.304422 0.765451 7.515209 -9.297677 -7.431938 -4.375604 3.430105 -2.914805 1.523250 6.000052 5.692200 3.905191 -8.745325 -6.919547 -1.910010 -0.827676 -8.997916 7.821589 -3.450075 -2.001853 -0.659637 0.946751 5.134395 -9.187122 6.749475 -8.569366 -8.518878 -3.003942 3.502074 4.601097 1.693378 1.494493 -4.812038 -7.108379 3.752105 -6.008230 9.156916 -9.400214 9.813619 -5.036472 9.208868 -0.595517 -0.147755 3.745364 -4.172443 -3.244531 0.760700 -3.429471 -2.133928 6.256588 1.014041 6.432180 2.248539 1.677347 -8.478313 -3.220033 -1.588733 7.047300 -4.391352 -5.843951 8.834940 7.576836 -1.049880 6.619205 9.134212 -5.769278 -7.109685 0.512749 -2.126042 -1.447974 8.707796 1.781258 3.367632 9.180122 -0.541405 6.303001 -0.502566 6.103616 -0.446550 -8.357956 -3.239668 7.055130 -4.835728 7.855015 7.637113 6.966854 -2.505903 -7.715854 -9.198125 
8.787322 -7.509824 4.854411 4.181415 4.222415 7.052554 -1.248000 -6.843127 -6.247556 7.435342 -0.489989 101.044441 5.499824 -4.031358 0.156006 1.624889 4.531282 -8.306158 6.085070 -2.709376 1.672548 -8.583565 0.671384 -8.142197 1.113026 5.104251 -6.163576 -7.165656 -6.272346 9.390250 6.476926 5.075776 0.059958 1.067156 -1.513328 4.727168 0.327862 -0.760919 -5.836668 5.334940 -4.551208 5.743801 3.255980 6.196251 1.157059 -9.978285 -9.526429 7.326040 -2.550627 0.249429 7.449533 3.234932 1.859982 0.190948 6.786157 -4.703050 -5.862290 -7.355069 0.393617 0.846318 2.208642 -8.005106 2.291890 -8.061906 7.882326 -6.945245 4.839651 9.052689 -0.439482 -9.502038 -0.511094 0.837802 0.681120 -4.271074 2.752464 6.805678 8.152906 1.976609 -3.183678 5.130890 0.248421 6.111921 5.277012 -4.647241 -9.890678 -7.774217 9.696963 -1.443972 0.748824 -6.000176 -9.855137 -0.854463 6.427100 6.125823 6.360845 6.558385 2.317671 -7.615543 -7.048190 -6.112669 
-3.825910 7.976510 -4.343965 -0.300253 5.783937 -5.034339 -8.585217 -7.690745 -7.931403 0.068882 3.244121 -4.768807 100.559826 4.645521 -4.401487 -5.758419 8.402953 5.429301 -3.541738 -5.209555 4.024677 -4.496143 -6.296321 -3.645938 -2.410652 -3.756248 -8.938485 2.879905 3.734294 -0.470389 8.478558 4.039128 9.102282 0.306551 4.458993 -7.321123 2.035514 0.377294 6.256632 -2.593873 7.347492 -5.058233 5.436541 -5.330218 -6.157122 2.730375 -5.377596 0.386789 -9.752281 2.938405 -3.271273 0.817327 -8.533696 3.923265 4.165400 3.008506 -2.510771 -3.794911 2.832823 9.166707 -5.386363 -0.160387 -2.465146 -2.127217 -9.921689 -6.311491 -0.744254 8.639423 -8.348260 3.503770 7.220512 2.510703 -5.799616 -3.893195 -8.756992 -8.649008 0.130755 -3.719224 4.621805 2.028624 9.187514 -2.723533 -9.369456 9.945261 6.158946 -6.593072 -6.720095 -5.123118 -2.540974 -7.452717 5.577872 8.991961 6.110811 4.050950 6.594893 0.372132 3.478146 -3.124417 5.719742 -8.366483 
-5.738336 2.787497 -2.193608 -9.073398 2.995758 2.374243 6.501124 -9.513139 -0.745079 5.030801 -9.262093 -1.975981 -4.703780 102.554227 1.003045 6.898063 -3.533965 -2.889115 -5.950788 4.810341 -7.841827 3.053778 -5.448199 4.411391 -6.240980 9.471917 3.472676 -9.426739 -7.363040 -5.707615 1.829025 -9.082563 9.614739 2.566094 -4.873451 6.378479 -7.394051 3.099990 7.009463 -7.930832 -4.407857 -0.077514 -0.284755 6.830350 -2.496334 -9.695501 8.783201 4.031679 -8.252793 -3.896027 9.558196 -4.565607 7.312535 -8.304526 -3.268060 2.765321 -1.943601 5.042355 5.979607 0.393454 -8.169249 -9.888276 -4.673241 9.196140 -2.408154 -9.144428 1.159287 -8.448021 0.410686 4.013517 2.665882 6.302264 -7.441023 9.271757 0.121442 -2.177189 -8.675252 -3.115610 -3.656006 -7.761828 -5.466936 -9.186246 6.429885 1.531390 -9.949219 9.213724 -6.628997 4.966818 0.395979 1.139737 -7.579893 2.279671 4.667626 0.707920 -5.078107 -2.511448 -7.197964 -0.272113 8.378130 -4.957137 
8.657781 2.879074 -3.680526 -6.139322 -5.730352 -7.600211 4.601730 -8.327084 -4.692830 8.933811 6.096255 6.899725 -1.272996 -4.011082 -107.743767 -4.148615 2.997858 5.172344 0.295123 -5.949781 -1.753786 9.126599 -3.725210 -2.149147 6.394299 8.158132 -5.700102 4.934538 -2.571100 1.336949 8.339207 8.412204 -1.831605 -0.144272 -7.432077 0.030133 -6.493786 -4.248733 -9.664579 -9.149575 9.719048 -9.958882 -7.337293 8.908742 1.278191 1.721721 3.022555 1.826107 7.202188 7.262206 9.172630 9.822579 3.965641 0.499574 -2.578546 -9.733820 8.338726 7.852676 8.276451 2.457467 5.406170 -8.407066 8.651569 5.619533 -6.396475 7.648555 -8.252633 5.995144 6.196714 -8.945743 -9.793738 -9.272735 5.277515 -6.580440 -6.773257 -7.797891 6.850338 -2.267969 -2.849762 -9.786213 2.225439 0.663218 -3.526999 -7.290376 -9.409315 -5.468258 -0.957150 6.954561 -8.957363 -4.040251 8.774300 0.833204 -7.085729 0.279187 -5.034058 -9.637417 -8.742762 1.268211 -1.835439 2.377998 
0.349633 -9.446830 2.127198 2.127525 7.997693 8.176294 5.266078 0.214243 9.218146 -0.023926 9.307974 2.516099 -4.516794 8.889203 -7.367027 -102.466831 -0.709387 -2.464393 8.481319 -6.382745 5.468349 7.830536 -2.514282 8.926360 -0.962403 -5.980949 2.830902 -8.448901 4.298213 0.992758 2.799664 -6.671614 6.783252 -2.565046 4.863026 9.810569 -5.498789 3.988109 -1.242970 -9.095123 5.065373 -8.511491 8.826874 3.922763 4.089014 -1.187312 -9.150144 -8.897663 3.036445 9.328025 5.715615 6.034664 8.745939 -0.470573 -8.494203 -6.760877 1.889225 9.785344 -4.850347 2.117254 0.362477 -5.179401 7.839039 8.123845 1.675311 -7.402704 -4.140403 -7.403627 8.736190 -3.301125 -3.055460 -0.067955 0.758523 3.817015 8.909839 7.444518 -9.165231 -3.868231 0.507419 -6.403457 7.621363 8.294731 3.074805 -4.458356 -7.178950 8.830798 0.268482 4.288712 -1.304450 2.778540 -3.001977 1.025707 4.314347 0.291536 1.240683 -2.691857 -9.972943 4.187466 -9.596441 -0.027483 
7.970088 6.901305 -0.742067 -3.743018 -6.183912 0.725100 8.757275 -9.345497 0.021262 -8.815378 -7.653249 2.601550 0.179163 -7.045456 -9.169723 5.847022 -104.608387 -7.177758 -6.862734 9.927467 4.441779 -9.535442 4.847298 -5.955606 -7.085712 -5.283585 -0.123427 -8.806467 -4.173369 -6.403838 9.157651 5.788756 3.985612 8.559419 2.874886 8.501052 2.203273 -6.335570 3.743287 -5.391701 -8.116341 -1.876595 -2.856813 -1.726541 -1.783065 5.920222 -0.879963 2.457123 5.806280 -6.370770 -6.629150 9.792012 -5.242147 -7.692134 5.463202 4.491033 -2.373107 -5.374713 0.214279 -4.709902 7.672118 -4.934414 1.918054 -0.403642 1.921093 -2.233795 -1.734919 0.797311 -2.703549 -1.700322 5.288540 5.997261 -1.433542 -0.817902 -2.261940 -5.155601 -0.736506 7.220854 -8.308819 9.336407 -2.914327 2.421701 -8.156494 -5.777402 -8.277150 3.151837 9.606702 -2.880764 -4.180861 6.634918 7.385712 0.037929 -1.939962 8.319643 2.169485 -8.499688 6.460831 9.772253 -8.504291 8.468733 
5.069027 3.634193 -2.637826 -0.126328 -1.740221 9.983875 -1.270445 0.968202 -9.952349 6.994295 2.307604 7.138575 4.667742 -2.616501 -3.903493 -0.167140 2.682136 -105.648309 2.009949 1.200528 -0.467965 1.081442 -6.563204 -2.765449 6.619050 -4.735384 3.618039 -5.865000 1.316596 1.316556 -8.145284 -1.351872 -3.921217 4.594489 -6.097751 -3.264464 9.859059 -4.831094 -1.201281 -8.506842 -6.840655 -7.336627 -6.099822 6.035069 -1.560299 0.252129 9.795939 2.895574 -1.549981 3.361756 8.311624 -8.332973 -9.036474 -5.036063 -2.354841 9.094986 -7.793191 -2.232941 3.711220 -1.473181 -6.102086 -0.805038 9.878358 7.036222 -2.362278 6.468657 0.179628 -3.529046 -2.988477 -5.573687 -9.651103 -9.658721 -6.750889 1.104366 6.975109 4.077601 -6.603446 -2.103228 -1.381347 8.082621 -3.352059 -6.437129 5.838813 1.193648 7.406074 -9.449259 0.283943 -1.895052 -2.944539 -0.392788 7.312041 -7.087743 6.784671 -3.719640 8.885694 5.332731 4.351974 2.590395 -9.643032 4.582538 
4.227281 -2.805071 -5.162837 -7.662499 -3.018062 -2.929466 5.685871 -6.099295 -3.803758 -8.367870 9.177072 6.094384 -7.897685 -1.660455 -3.390051 -7.055489 -3.585402 -8.088964 104.387892 -8.653992 8.300861 8.241027 -0.188339 -6.296942 -7.980254 -8.515294 -9.988517 8.339780 5.755005 -4.016325 1.037340 -0.161783 -0.678463 1.226908 -3.371182 -4.784690 -1.867411 -1.255035 -1.617709 -6.776274 -4.492548 -1.213404 0.970398 8.496204 4.474975 7.894316 -4.878579 0.253647 1.985491 -6.381978 6.394564 -1.845173 -7.022321 6.272757 -7.747687 -3.701739 -0.707854 7.234505 -9.100988 9.625241 -3.951528 3.161546 1.270126 9.390103 8.002918 8.731402 7.905935 -9.137088 2.532917 0.188786 5.592578 0.356691 6.323189 3.084260 -0.179233 -5.110233 6.029513 -3.687481 2.123455 4.766110 -9.166073 -4.972346 8.332340 0.286889 8.252642 1.689809 4.270571 -5.704369 -4.793313 9.310112 0.280003 -1.168620 8.193655 6.383508 -9.070333 5.799186 -6.839670 -6.599640 8.420095 -1.795009 
9.211250 0.231478 6.792082 5.433072 -5.141891 -9.761531 -9.747433 -4.995154 0.656826 -8.337279 -3.486948 1.703702 2.516335 -8.218482 6.555359 -1.216256 7.584473 -0.242420 4.437043 102.162655 7.715297 2.792950 -7.032061 3.247822 -9.031818 8.275729 2.702182 -7.673380 8.429777 8.608496 -9.630195 -1.765808 -0.870453 3.325373 8.530520 -7.626186 4.598795 -3.490654 3.708896 -4.443052 9.505222 -8.240637 0.970039 -9.140392 -5.304430 2.237839 4.857311 -8.909783 2.199896 7.802310 -1.603016 -8.060590 -0.624124 -6.616992 -8.397883 -5.452893 -3.638068 -6.484327 6.622850 8.752246 2.560234 -5.092892 6.502517 2.233240 -9.020789 -4.917434 -9.136834 9.982660 -9.514555 2.643208 -3.333341 -8.330561 3.817667 8.079455 0.103267 4.649741 6.596905 6.905316 9.879728 -2.938054 -3.186063 7.859078 6.130498 -7.280696 -7.979720 -3.187337 -9.615454 -2.964676 1.542009 -0.809200 7.213262 8.868428 -4.777753 -4.107876 8.529426 7.739856 -8.929659 8.497798 -5.345008 9.006694 
-0.331417 6.610366 0.339808 -1.885552 -7.967118 7.571559 3.282448 -0.428653 8.301195 -7.368122 -2.164557 3.827385 6.820823 -0.730890 5.455151 -5.449677 4.674657 -2.102012 0.471808 -4.540545 -104.659506 6.546453 2.875388 9.053418 6.392943 -3.921104 -2.038995 -2.969070 -5.679808 -2.302990 -1.737546 4.784372 3.097321 -1.620094 5.451629 -3.465058 4.401498 6.243110 7.947745 -9.705468 0.138710 -8.126623 -8.726077 2.185274 8.885260 7.382952 -8.860879 2.463362 2.353781 -4.583827 4.433098 4.399988 0.284452 -4.262966 -3.884125 8.425137 -6.224650 -6.701075 0.525752 -7.618312 5.021054 -5.476662 -2.372619 4.167682 -8.768931 -5.111077 -4.517648 -8.419187 6.715896 -9.636239 -7.376756 -7.031669 0.826932 0.841779 9.104405 8.041670 9.098856 -2.714245 6.314429 -3.598839 9.736402 -4.433978 -4.951627 5.185190 -3.159934 0.128259 -1.865991 -4.382742 -1.125629 7.234153 -0.461809 -5.159376 -1.133009 5.791502 7.597478 -9.054885 5.533008 -3.532272 -1.441555 5.769373 
-4.734956 6.595822 3.198649 -2.947779 4.318681 5.077367 -4.017387 9.371824 -9.229082 -4.383024 3.552391 9.234973 0.711859 9.011912 1.244834 5.822975 -1.797094 7.164016 -4.722454 6.607006 -1.904767 102.656973 -6.972310 -1.869924 9.058387 -3.903031 -7.228140 2.662204 5.326008 0.708006 -2.456976 -2.690245 -6.035196 -0.615292 -6.116314 9.254097 -6.303975 -2.530417 3.343585 6.761262 9.284121 -8.054550 7.093117 2.482202 -6.171058 -7.703948 -2.215920 -2.286907 -0.167334 -7.854887 6.660323 -9.461490 -9.700221 0.432509 4.848832 -7.286733 -2.436722 -9.201028 -8.241270 9.959908 -5.705882 0.435186 -4.533428 6.332957 1.048751 -5.476955 -4.552520 -6.330505 6.832776 7.565072 1.983835 -3.025175 -7.222973 -1.521928 -2.666102 -9.986570 6.033433 -8.718499 -0.278720 3.013238 3.956511 -5.098941 8.946957 -6.279318 6.281162 -8.674596 -7.877536 -4.754826 5.610232 8.833552 0.455705 -6.040785 -6.771800 -4.208448 -0.670689 -8.566331 9.511477 -1.368436 -8.244655 9.834042 
-2.046712 0.301853 7.951310 7.522903 -5.617859 -2.081556 7.938390 6.681157 -5.943788 0.923339 2.681500 4.464885 -8.638660 1.582321 8.398804 -8.240685 8.150487 -5.640298 6.623694 -6.441679 -1.362150 -2.348555 -103.096655 8.127791 2.326901 7.016387 -4.928760 8.631460 4.376764 -4.686539 3.756086 -5.581436 0.600383 -9.405061 3.425647 8.071308 -3.936947 -2.467488 -1.286661 4.927800 3.100848 6.759226 3.224742 3.094504 5.675371 5.107029 -8.323298 -5.129830 4.827513 -7.536057 3.957068 0.697663 -9.654028 1.874730 6.890711 5.791115 0.231716 -2.640924 7.752672 9.889672 -1.989693 0.814330 -9.551029 4.358920 3.080538 -2.642238 -2.405665 -8.129132 -4.214742 -3.301312 2.949712 5.024927 3.621484 8.023949 -0.839140 -3.769831 -7.964817 5.770076 7.413001 7.918771 -3.762509 5.288481 8.134268 -2.736216 3.238361 -8.418921 3.973756 3.299753 -8.465623 -2.229270 -0.359966 -6.265577 3.663224 9.393451 8.982421 -0.557031 1.450717 -5.440346 -8.503650 -1.255802 
-5.261565 9.093134 -4.632148 4.541692 5.181369 9.521916 0.932558 1.666562 7.431315 -4.076368 2.081605 5.963405 -3.771165 5.868788 -4.685934 1.508237 8.137120 -9.569292 2.612302 -9.292161 6.750092 2.250413 -6.010551 108.291327 0.073917 -3.508036 -7.759950 6.366339 -7.188165 -6.832837 -2.005585 -6.476209 1.863218 4.297218 5.575919 5.522922 -2.369561 -1.100580 1.820491 -2.917919 0.712007 4.718108 9.272468 -1.993971 -4.347984 1.068266 -9.208002 -7.491994 -8.153168 -4.541602 8.155667 4.728178 9.594031 3.866284 -6.605171 -4.742733 -2.166263 -6.491891 7.661104 -9.005706 0.372375 5.216247 3.262765 -4.978086 -1.776487 -7.522230 4.066586 6.271731 -5.623390 -5.781147 2.242032 -3.419372 4.537276 -0.919810 0.561617 -7.143734 -1.493328 -7.859172 -0.793061 -5.872343 -3.558496 0.046419 -9.803497 -9.437362 -5.458958 0.174695 -1.339798 -9.742683 -5.426646 5.367747 6.564645 -4.343822 7.670894 -0.221981 9.569552 -7.980435 -8.944952 7.129286 2.056702 2.138933 
5.549716 4.633552 -8.594104 6.416824 -4.408628 -6.835843 -7.315847 -1.368855 -4.664487 -1.312002 5.735704 -4.664644 -3.708229 -8.027000 4.396881 -3.327130 -0.785777 -8.551300 -8.396579 -9.916726 7.756566 -8.554257 1.359457 -5.014753 101.235812 6.330522 0.370057 -4.402600 -0.959769 2.195666 -6.049009 -1.367688 6.037383 -4.743964 -4.764786 -4.154784 -4.285894 7.622747 0.849223 5.295317 -3.247353 7.855061 -3.038328 0.184898 -8.379104 -2.414320 5.721605 8.356910 -9.758739 -5.355445 -6.702379 6.088783 -3.440657 4.409487 2.092871 -7.371873 0.422078 -0.096713 -5.252376 -3.252921 -5.385331 4.993098 0.120380 7.205411 -4.198610 -6.523221 -8.991537 -0.297816 6.519367 7.383868 1.795817 -5.241493 1.967943 -9.613917 0.698183 -5.828719 -3.204506 3.580807 -4.708866 -2.791422 -8.755658 0.925700 -9.676812 7.209750 -9.736758 6.394807 -6.278573 -8.216095 0.597198 -7.744149 9.997078 7.887552 6.996508 -1.384544 -7.896775 8.005582 0.963682 6.038875 3.611919 -2.021121 
-9.011720 -9.043389 1.058580 1.343276 -2.533954 -5.730350 -4.906607 -7.822155 -0.902736 -3.876543 9.376813 3.354698 9.013992 4.681718 6.124446 7.577839 0.751964 7.597081 4.856012 5.730317 0.534511 6.671488 -3.989371 1.661736 -5.384087 -105.168864 -8.391068 -9.840713 7.787764 -8.490505 6.154345 6.162953 -8.065926 3.836862 2.791218 -4.256067 -1.939559 -3.466946 1.824343 5.776283 -4.215618 8.605752 -6.621504 6.528138 -5.494344 2.838639 3.089984 -2.951388 7.746685 -3.657966 6.166597 -1.691065 3.131244 -5.594168 -1.857705 9.250798 -0.235353 -6.722676 -2.637969 4.462096 -0.342701 1.323074 -6.851450 -7.014279 -5.807703 -5.071962 -0.565884 5.949187 -8.236522 7.620648 -7.317821 -9.753577 -4.121810 9.530519 9.169863 -3.147775 3.639959 5.746337 7.303075 -5.574217 -6.397277 -7.894787 -4.965577 6.297046 -1.042568 -8.716273 2.420990 8.984609 -5.689163 -2.712060 -7.445673 5.909206 8.693499 -1.496405 2.203343 -3.542136 -1.705708 -0.953751 -2.501453 9.212370 
-4.601616 -0.943442 -9.588530 -7.035044 1.281153 4.406864 -8.218010 0.456769 0.603239 1.236573 -6.865008 7.335825 4.441743 -3.690997 -9.097141 3.084586 -0.753340 3.380816 -1.537441 4.280288 -1.263074 -1.257867 8.914193 -6.769194 -5.832143 -0.825716 -102.497337 7.882560 2.900841 -3.660589 0.804026 4.347582 -6.889947 -2.647734 3.428070 3.603161 -4.127930 -1.500266 3.607968 6.294689 2.138240 -1.275175 -4.104376 9.737080 -2.904856 7.985737 -8.110042 7.727334 3.717122 -4.404850 -9.057910 9.218303 4.894158 2.970981 -7.672006 3.774075 0.170922 8.322557 4.956824 5.571179 -8.309332 -4.961964 -8.849929 -3.498963 -2.945800 5.088701 3.946164 0.321166 -1.001174 -0.187232 -7.644954 2.859382 6.538427 8.126681 -3.875751 4.176784 9.301114 5.835058 6.684551 -0.159610 7.433527 3.468255 -9.733035 -1.979878 2.863587 -4.889602 7.047232 8.434332 -7.202753 -2.813056 8.403623 -0.221987 -1.134226 -1.250485 6.896612 0.667062 8.403304 3.118751 3.881070 -6.353154 
5.388570 3.314683 -6.674599 8.725999 -3.966271 4.156415 3.127823 -6.385315 -4.201232 3.724632 -7.656181 0.136731 1.824384 8.735542 -9.654854 -2.505086 -0.917551 -0.446758 2.918855 -6.638984 2.093922 7.686688 -9.640097 -6.702818 -0.029282 8.420186 5.598372 108.415946 6.840399 9.099568 -9.901963 -0.808818 -4.422687 -8.180912 -3.153604 -7.605580 -9.044778 -5.771687 -1.486514 -1.395369 -3.156391 -1.963730 3.034406 -4.181448 2.550071 5.060784 -4.717070 -2.910864 5.606691 -2.650591 -5.843664 -3.750697 -2.657909 -0.069338 -3.484262 -0.141768 -0.559490 3.601491 -9.411995 -6.612141 3.915067 -4.133083 -2.119927 0.648742 -4.933031 -8.673296 -2.470734 8.809062 -2.887764 -1.993553 9.992437 5.120520 2.790356 5.362663 9.576925 -7.551058 -5.489782 4.381596 -6.117766 -9.377946 -1.305284 3.107551 -0.175377 -8.606755 9.467936 -4.390451 6.050446 3.482617 0.761843 5.850077 0.384204 4.969356 -4.799508 -5.427667 7.139303 2.089340 -9.218036 5.395875 5.315739 0.548721 
-4.939001 -6.274394 4.114796 5.893505 -0.548624 8.237292 4.960934 6.778206 3.300238 -5.105920 -4.464868 -8.691317 3.135484 2.592563 -9.293194 -8.488206 8.294254 -7.291479 3.359665 -6.020683 4.789082 -9.598271 -7.820848 3.877502 9.006571 7.919738 4.649998 5.739009 -103.725248 -9.798772 -4.572922 5.851237 5.901438 6.104582 8.620020 -3.992575 1.761078 -5.020941 5.456370 9.593924 5.181371 -4.678404 -5.209638 -3.839636 5.473512 2.764746 -2.348454 -8.839073 -0.601232 -5.086683 -8.537668 -6.082196 -4.016255 -9.101382 -9.228493 3.061353 -8.937714 5.317197 2.182529 -3.011767 6.580646 2.127890 -2.508962 -9.489142 -5.174098 7.582542 6.093661 2.784911 7.034836 -7.855290 8.116259 6.953846 -5.666660 -0.991138 5.120984 -4.181583 7.790329 7.092659 3.468639 -7.249260 -6.216595 -3.541111 0.544178 7.407401 0.802725 7.640156 0.415951 -4.583448 7.228599 1.233362 -5.961739 -7.464790 4.674976 -9.915887 -8.156083 8.623522 -0.727207 7.371566 8.778863 -9.698174 
5.398975 0.781748 -0.451252 6.884042 9.094573 6.539987 -1.791045 9.585774 -1.560210 0.094440 -9.417509 9.291859 -8.370489 -0.683756 -7.851550 9.030767 7.593724 4.924941 6.836016 -5.551867 3.212905 9.875977 -0.845681 -4.959112 -6.764405 -6.391184 -7.705549 -2.014487 -6.477773 -109.950860 1.369600 -2.980611 -4.012909 2.071005 7.937874 0.946786 -7.237359 2.779543 -3.998795 1.170604 6.469122 9.334686 1.213581 1.584249 7.890143 -2.961857 -3.512682 -7.944655 -3.888806 5.419128 -1.401231 -8.230840 -0.041230 -4.475620 -5.507794 8.861930 -7.666776 -5.344490 -3.542223 3.776192 -2.974331 3.754616 5.220667 -1.968449 2.478622 9.760240 4.073369 9.601353 2.964937 -9.264446 -5.269190 -3.505145 7.155278 -4.614705 -6.934389 -5.584453 9.873474 1.399569 3.501239 -0.239598 5.154546 3.207659 9.923797 4.627925 3.697114 -4.313699 -1.002295 -1.339279 -7.738575 4.910820 -9.457633 3.050083 7.186185 0.526342 -0.599831 -7.660067 8.542059 3.488503 9.691464 4.143150 
5.180402 4.227489 3.723660 3.200181 -2.251921 6.715332 2.483321 1.663504 7.475764 -0.867491 -8.023393 -6.649978 0.577688 -2.748279 3.140894 -9.104087 -9.654513 8.196976 -6.339180 6.757279 -7.443815 -7.425327 -1.962636 -1.440701 -2.322686 -7.039758 0.878128 -7.389370 -5.553398 5.655928 -106.969128 3.781257 0.689401 -6.750825 2.582290 -0.361649 -2.684820 2.164873 2.301874 8.554320 -9.053535 2.536536 3.705011 3.552361 1.855978 -2.948323 9.345055 4.028998 -8.791256 -7.110360 4.004331 -6.822880 -7.866310 -7.865900 -0.553310 -5.583933 -3.855342 0.843655 5.776329 8.733582 7.252543 -8.571380 -2.947979 -6.968913 -5.815155 -8.865186 3.674128 -0.136521 6.080729 -2.285117 -4.135769 -5.550966 5.056868 -0.205466 6.332183 -8.722380 -4.706807 -6.774755 6.821760 8.051065 2.440567 -8.579226 -0.698323 -2.451952 8.904703 3.125116 7.836615 -1.785985 9.454917 1.935638 -5.713668 9.396551 -3.435115 1.798424 -7.584360 -6.154595 -3.257427 3.471815 9.231068 6.285819 
-8.671639 -3.143253 -6.181168 -9.408202 -6.048500 -7.406403 6.927355 7.530875 -2.805315 1.110212 -9.035153 9.303037 0.682296 9.339442 -7.438874 -0.763778 2.104718 -5.116518 -8.270925 -9.872764 -7.055399 3.621515 -0.176101 5.969156 -7.030108 -7.112180 2.654980 -0.163543 9.761004 6.108764 -4.575997 102.143295 -9.187915 5.813527 6.832384 -4.131915 -5.402135 4.304428 -9.294699 -9.361775 7.717823 4.888210 6.705259 7.848625 8.283622 1.611707 4.303066 9.036036 -2.560269 8.271482 -7.588876 -4.863104 4.047741 3.939028 0.556484 -9.287334 5.814911 1.165760 9.073082 -1.428847 -6.677780 6.627583 -0.846511 9.364151 -9.402497 -7.423994 -4.063891 -1.036088 4.410351 -2.212130 -5.914896 2.795543 7.666932 -5.302849 1.662047 -7.082688 0.461039 9.376505 -5.272831 -3.644698 -2.440867 -1.093785 8.933288 6.806101 0.741960 9.672235 -1.051020 6.475476 -2.220670 -9.209793 -0.110588 -1.506754 -9.517542 -0.882256 4.944223 9.516415 5.660860 9.820836 -2.410942 6.795874 
-4.998417 -2.713750 -1.981254 2.707492 8.936646 -0.468958 3.361828 -9.201006 -1.231128 0.831910 0.646501 -6.166010 4.286872 2.773074 2.807324 -7.480586 7.168193 2.684778 -7.862709 -6.143195 2.185247 5.157712 8.872171 -2.707525 7.420825 -2.493875 -4.316242 2.331439 7.098890 -9.603545 4.762334 0.375055 -103.036607 7.998958 -1.238323 -2.492586 -6.049974 3.556542 -8.453534 9.670254 6.156567 7.643365 -0.657265 -8.403161 -1.513826 -5.638046 3.717703 1.758691 -3.870038 1.872743 -3.985598 -4.572346 -6.642408 -3.087496 8.112992 8.492940 -7.926854 -0.735468 7.769638 -6.740871 -0.629248 6.373704 -7.803917 -6.697532 7.335500 4.558921 -1.481945 -9.173891 3.455133 4.345488 8.157128 -6.153776 2.120394 8.933400 9.461218 9.719528 -0.975155 6.456527 2.856094 -6.048692 1.666029 7.501753 1.314857 5.966799 0.376914 0.380728 -3.694005 -9.223457 -1.644680 -0.315509 5.433252 0.150942 -5.051313 9.009240 -1.562803 -9.764884 -1.115550 -8.043053 4.399104 -9.015617 
-8.590719 8.220111 7.068441 -2.812523 -6.859725 2.778517 1.601448 9.543815 0.361494 9.105024 -1.999334 4.606916 1.617118 -3.148853 -3.837933 -1.748352 -4.201263 -8.923310 -2.519061 -2.663136 0.921674 -2.894194 2.728004 4.202030 2.763063 -2.072336 7.902931 -2.873896 4.344707 -0.077736 9.801925 -1.924260 -0.926869 -107.690614 -1.614278 3.762482 -7.354994 -2.774451 -1.904502 1.018971 -8.824524 9.029029 0.865004 2.757105 9.616235 5.245200 -5.028238 8.504987 4.542595 2.441369 -5.480006 -4.742264 1.759399 5.583444 8.317373 -2.040377 4.615943 7.166027 -7.044973 0.231990 -9.565689 -8.251855 -4.931871 -4.154265 -1.566221 -0.849330 3.274742 -9.058539 1.320104 -1.017385 -6.985993 -9.226536 9.647232 1.920633 6.969068 6.771622 9.071834 -8.247324 -2.770428 -2.406017 9.316097 0.677495 -6.904512 -0.609871 1.242099 -7.684242 5.003114 2.435221 -8.361537 3.430765 -0.671006 7.167842 -4.996873 -8.164230 -3.156941 -5.707324 -8.939577 1.394356 -1.021825 8.546929 
-6.567392 6.724903 -0.703143 8.537759 8.659776 -4.842784 -3.835591 2.396578 -0.627215 -5.613652 7.216581 -3.393888 6.232937 -4.667604 -2.034148 -5.969329 -7.944502 -7.754422 6.769808 8.038571 8.730812 0.329613 -2.644093 1.465910 3.823470 -5.024921 1.363844 -9.325206 -7.990575 -9.866959 7.814052 -1.509803 7.576220 -7.675017 -100.049543 -4.054250 -4.648086 3.129561 1.601485 -7.678031 -5.888072 -4.700533 3.257137 1.270231 -0.057816 6.692546 5.307296 4.766276 -2.014501 -4.298513 -3.180308 -3.599342 -0.270232 1.833543 7.214411 8.190404 1.223279 8.033139 -2.777006 -3.422590 -2.525776 -9.832587 5.170407 -8.782754 -9.553062 -1.294956 -3.233457 5.035763 8.887768 -2.960086 -1.030182 1.076487 -7.631615 -8.543478 -5.624634 -9.596928 6.423484 -0.599752 -6.969272 2.202742 4.831104 -2.887123 -6.207777 -2.073813 -9.373029 5.348560 -4.833324 7.409068 2.088117 -5.048946 -6.349275 5.625183 7.884986 -7.088394 -3.660153 5.063554 6.349797 1.470753 1.862217 -0.363485 
9.913066 2.413347 -4.339314 -2.150401 9.240242 -0.372098 -3.184266 -2.956915 -1.994603 8.448556 -0.542726 -3.614716 -6.284879 0.401728 -9.218661 -7.257442 -2.036178 -3.466183 6.029343 0.145471 -9.767759 -9.002940 -8.729120 4.964337 -0.657733 8.521164 -4.849726 -7.782075 -1.118850 -0.793188 -4.089330 7.187653 6.879327 -7.851354 3.966017 -105.975185 0.990332 -3.789421 -5.900796 -4.654215 -4.666793 6.680426 -5.931600 -5.552367 -4.271633 6.748429 -6.885491 6.262257 1.876341 -3.975242 -3.548069 -1.251904 3.564669 -9.667356 -3.150217 -9.746669 -3.315024 -4.827959 -9.158444 9.360830 6.044177 -9.852692 -7.185672 6.675433 3.026094 -4.572073 4.818945 8.511698 6.802134 6.159769 -6.358811 0.166754 9.153056 4.655533 8.550166 -8.482827 -2.500667 0.156096 -3.509923 1.552825 7.530368 -3.327686 3.342362 -5.650175 1.460544 8.806909 -4.242406 4.697233 -8.545450 -3.307544 7.791835 4.612234 -9.773563 -6.902098 3.528749 8.031893 -8.499293 4.480648 9.608525 1.355623 
9.829888 8.526706 -3.633767 -6.854484 -4.768964 2.311903 -9.430816 -9.977355 9.435846 -2.134941 -4.197450 8.596976 8.463593 4.468067 8.747119 4.254366 9.574445 1.737525 -5.640656 1.212207 0.157166 9.430033 -6.466994 -9.401825 2.882306 1.772842 -7.776594 -5.022323 -9.446956 -5.831223 -5.321405 -9.625465 5.243249 -6.925086 -7.273430 6.609630 104.952091 4.865591 -9.998690 1.221877 -6.127289 -6.614543 -1.697785 6.330491 5.329546 8.380340 -1.324924 -5.224829 6.272967 4.475468 2.122609 -9.172843 -4.397043 -6.849668 -8.611146 -7.202634 9.733101 -2.675704 6.377377 -1.591295 -1.995641 3.406952 -7.886823 6.997710 -1.508119 0.421936 8.487959 -4.210657 -8.876667 2.287693 -8.685796 2.661297 -7.493294 4.506286 5.618161 -8.101933 -2.468811 7.789793 3.093623 -2.946325 4.129681 0.489364 -6.392478 -4.116555 1.194437 -6.703849 2.223885 3.484600 6.847010 1.306351 1.214041 1.355812 6.729225 -1.723728 -1.829530 8.183053 -9.387735 7.965155 4.067476 -1.033620 
-4.884671 5.612835 0.621070 3.944545 2.807434 -1.295570 3.837725 -3.429241 -2.874452 -7.275916 4.676826 -6.149429 5.556505 -6.559013 0.446764 -5.926940 -0.965422 -7.774047 -7.717630 3.956184 6.472170 7.887761 6.697408 4.713654 7.177965 -1.524720 -9.241670 -0.991357 -9.037896 -9.654839 6.820134 -1.654835 5.246265 -9.865368 -6.728957 -2.595752 -1.771523 -101.409209 -4.970079 1.786878 4.341240 -8.194159 -1.549159 -5.455712 6.825128 -2.502067 3.418845 -0.558777 -0.649838 -8.052975 1.468503 4.131662 -9.082477 -3.709568 2.545253 -9.008766 6.364815 -5.507268 -6.620087 0.710281 -2.648679 -9.851026 -8.949201 9.643691 6.172802 -8.933496 0.126788 2.956328 -0.639930 9.056440 6.988115 -3.051729 -2.316659 9.493892 6.553809 0.042296 6.078879 -5.746706 0.751465 -8.545571 -8.552655 -0.351130 8.359151 2.294685 3.222657 -5.681957 9.832872 5.640774 -0.425959 8.471927 -7.979560 9.327192 1.210348 0.273894 9.306633 -3.415113 -0.116645 3.199616 -1.649217 2.029377 
-6.172851 7.451560 6.368207 1.608537 -0.442308 1.227489 3.926408 5.366072 8.282417 1.670723 -5.661962 9.880116 5.124887 -5.793884 9.512130 1.483723 -9.187509 -9.261955 -9.319869 -2.558892 6.265003 6.602773 -5.333957 -7.867717 -0.334660 -5.173958 -8.783844 -1.665105 3.698988 1.830186 -3.265873 4.898471 9.143748 5.068785 -3.564556 -9.520645 3.245389 8.393908 101.456342 2.057924 9.551450 3.920218 5.042903 4.426795 0.092823 7.328811 7.278767 6.429024 -4.710013 6.700096 -3.249752 -2.301974 -8.925774 -0.378452 -9.141119 4.503685 9.556257 0.751034 -0.223356 -8.571552 -4.269649 -6.584730 -6.262709 6.266472 1.368712 -1.394725 4.496973 -7.529445 8.574694 -7.348647 -4.409454 -0.468039 -4.138753 -7.683549 -8.621203 -5.113755 -2.217358 -2.699270 -1.106764 1.068035 7.947763 9.257251 -6.822321 -8.758760 -5.629013 -2.504189 2.678799 -4.090546 1.737540 2.049602 -6.169123 -4.623228 -9.885571 4.106010 -0.627122 -2.246882 -7.401475 0.605926 -7.203114 5.185915 
-4.799232 5.602551 -4.752377 -7.419460 7.734900 -6.174707 2.426474 0.437067 -7.814623 -9.302688 8.216056 -3.988529 -7.905644 -4.869031 -4.171041 6.647162 8.050052 8.018090 -0.425616 9.974428 -2.383567 0.532582 0.111854 6.734478 7.530145 -8.477760 -8.889408 -1.112399 1.167713 -0.752699 -0.700571 -5.121714 -0.198625 -0.102327 3.928855 9.823298 1.441133 0.432805 8.401211 103.914755 0.860219 4.106915 -8.949244 -7.115918 -3.325998 -3.091096 -6.306870 6.468209 3.375128 -3.690363 -2.059718 1.495706 3.342343 -7.324886 5.822483 -8.825111 1.069843 8.554887 -2.880388 8.574434 -7.454502 -2.721465 -3.343721 6.380234 5.592801 1.477813 1.603592 -8.780558 -9.495406 8.327953 -6.130551 0.576885 -9.928806 -8.729255 9.093135 1.799206 3.785103 6.943735 -4.455623 8.081846 -4.082327 -4.715365 -4.469343 -6.637086 0.990812 0.464006 4.248396 -1.165802 0.582040 1.316624 -8.348107 5.379450 -3.998433 8.887157 9.273456 -4.477222 -0.855569 8.818805 7.863464 -4.599534 
5.376610 8.118960 6.906166 4.270376 7.335511 -1.757172 6.128258 8.436608 9.129135 0.237615 0.619767 -6.569795 -6.326601 5.367848 -9.356251 2.296232 2.736359 5.205370 -2.405200 -1.197872 8.406823 3.117399 2.395737 -8.328558 -9.025124 -8.179578 -8.983354 -7.513635 -4.150251 4.706315 -4.798083 -3.873426 -0.791068 -1.129934 -9.988777 6.258571 -4.431710 2.632565 5.516214 -3.508221 105.996299 3.921815 5.098334 4.172648 -3.649681 -0.916177 2.718191 2.410468 8.272136 5.375938 8.276212 -1.848767 2.958288 6.937622 3.631547 5.582105 -7.617434 6.129279 0.432905 3.899457 -0.143132 -0.873177 -7.845700 0.346318 -0.157010 7.074131 4.567315 6.070586 6.643549 -9.083709 -4.638498 -8.563943 1.886802 9.306175 -0.080217 9.606065 2.069143 3.549962 5.811488 -8.305099 3.150758 8.848147 -4.362423 -7.911337 -4.339777 4.493788 -3.987857 -2.407280 1.201749 2.274952 8.615254 -6.114695 1.706831 -0.499153 -7.086608 -8.722880 -4.653367 -7.702070 -8.410135 0.493800 
7.381472 6.172997 2.033196 -3.975493 0.040564 -4.589202 4.429248 4.225217 -5.950371 5.870207 7.947513 -8.471350 6.888293 -8.459405 -5.281690 6.689521 -8.042865 -8.531336 -7.994835 -2.654682 -3.406991 8.383535 5.296373 -2.092636 2.224487 7.531450 -0.601154 4.391590 -5.393219 -5.547179 8.831252 1.403881 6.488725 7.746040 9.466681 -3.885655 1.008607 -0.909991 0.350098 -9.880006 2.716249 -101.513770 -6.985865 1.701266 -1.418374 -1.244352 -5.461641 5.678721 3.396498 7.252604 4.758450 -1.685631 9.673464 -0.894787 8.050297 -7.939556 -8.371537 4.758001 8.341643 -1.543231 -9.647653 8.635865 -2.427056 3.428402 -7.108590 0.462906 -3.503662 -8.664980 5.212484 -3.769320 5.907513 2.079362 6.392446 -3.672930 -6.550722 -4.982192 1.527432 -7.264819 3.570538 0.600814 4.924712 -8.566560 -0.845013 7.884985 -9.207158 1.377348 -8.125268 -1.229735 -8.664217 1.662847 -3.123478 1.706601 5.807624 2.327311 -3.947515 0.208807 7.870519 5.575188 -9.055511 4.900467 
9.696430 6.109041 -5.336826 -8.698778 5.684459 0.490244 8.247812 -8.746205 -2.615832 4.529391 6.330875 7.860162 -8.410654 -3.052794 4.242193 4.303752 -2.748424 -7.828781 8.910540 -3.985717 -3.823373 3.928690 -0.419276 -4.906658 3.796682 0.679582 -9.592676 -8.233118 2.648024 4.263214 -0.304334 3.870040 -0.741697 -8.097524 -4.418685 -6.458968 5.370165 -0.772233 8.967244 2.232587 -5.054078 9.794994 109.912359 8.735965 7.993591 -6.553640 4.628193 6.675191 -1.169223 9.331562 7.936373 9.517600 7.752331 -5.178157 0.679076 5.849706 9.574003 -3.200488 -5.084521 -9.998083 8.032451 -8.985187 7.003630 0.764041 3.297167 5.342165 6.944222 -3.341095 3.898659 -8.371475 8.341674 1.249733 -7.574816 -2.982077 9.948309 -8.197189 -2.625372 0.181299 -3.381766 0.780930 1.863991 -8.582238 -1.959113 -1.834561 1.152898 3.173394 -4.478145 8.080845 4.562939 5.282456 -5.420352 5.391167 5.037798 9.956868 4.777414 0.764135 -1.212917 0.827568 8.531851 -9.595791 
-0.062715 1.303793 -6.701550 3.587413 -9.968716 -1.089431 0.419618 8.689076 7.187877 -8.509613 9.611242 1.220637 -8.431203 -9.359345 7.734477 1.500923 6.235334 -4.677294 -4.703954 -5.222363 -2.191464 3.128868 -0.216643 -5.189993 2.934999 -7.742108 -8.446138 1.916300 9.634508 0.332167 8.708392 -4.724217 -9.116483 -3.045899 -9.066623 7.625287 7.973520 3.527833 -4.919229 1.573023 1.104820 6.135685 1.794141 102.298054 8.556914 6.926550 6.254855 6.554993 7.145701 3.249073 -3.641372 -4.684227 0.608170 9.264400 9.373280 0.877830 -7.861480 3.742863 -0.387937 1.677712 1.668671 6.295286 3.547977 3.668138 7.396037 -0.798357 2.740305 -4.181024 9.422410 9.549838 0.288321 -2.955431 -9.660785 7.293408 -1.106610 7.057496 -8.397860 1.022997 -0.370323 1.880570 1.088093 -5.115625 9.258382 -0.253283 9.935780 9.099319 -8.369609 5.681452 -9.504467 -9.702518 6.593235 -4.877917 1.872434 -9.449613 -0.426838 4.481106 1.661126 -4.104099 -4.248521 -7.455003 
-1.546778 -9.217581 -3.935280 3.299913 3.146323 9.668263 -8.353945 9.761137 7.330450 3.451196 -2.659743 6.347764 -9.805824 9.443998 -8.567377 -5.795250 2.027900 -7.144283 0.397564 7.789109 6.289902 -5.116501 -2.333698 8.955431 -3.431503 3.030119 -6.553163 -2.102031 1.690711 -1.143183 -5.100275 -7.241346 -5.983900 7.268251 0.526048 -3.334825 6.085472 -0.038774 -6.786893 7.654759 4.825788 7.543528 3.023387 -7.038536 103.322214 2.955287 1.359147 4.677708 -8.756153 9.446082 -3.501685 -4.781731 1.457696 -2.554581 -7.320119 1.695868 0.937572 7.971736 -1.982183 8.627363 -2.051981 -8.923001 9.802623 1.216095 8.524780 -2.872538 -7.625083 9.326084 2.151318 -2.228495 2.223802 0.434933 7.124955 9.340412 5.738264 -7.912231 6.429693 -1.424842 0.348879 9.053689 -8.512259 -9.865716 8.487666 -8.903203 1.926747 2.803919 8.471773 -0.625471 2.490316 2.428541 3.684736 -2.830300 7.849049 -4.916774 -8.689373 4.193640 -5.214419 -1.552724 -1.898119 -2.834538 
0.867597 -6.578770 3.578911 -0.942943 2.776277 4.251752 2.125215 3.791133 7.755901 -4.797740 8.232555 5.026528 4.112116 -5.831130 -9.442743 5.467901 -3.630665 2.072055 2.452942 -9.813371 1.594451 5.817649 5.290122 4.699356 -7.978607 6.466281 7.509491 -3.178382 9.859746 -6.319546 -0.785409 -7.862301 0.411956 0.541566 6.700774 6.386572 2.110328 -3.624972 3.821965 -7.550314 3.625508 -2.810838 4.357602 0.530342 -7.038499 -100.441606 7.444926 -0.039860 -4.857983 2.530098 -5.961294 4.296628 8.374462 5.457993 -3.525274 8.764805 7.800768 -5.810895 2.168870 0.842569 -8.498168 4.276981 -0.042703 7.095141 -1.082678 5.547365 -5.802867 1.580892 -8.093607 7.969955 6.764540 9.179983 7.519191 1.136403 -3.425655 -2.464225 5.408374 8.170120 1.890250 -6.321772 5.120283 -5.075830 -2.492149 -2.073439 5.951093 -5.724297 4.353180 -1.077102 5.272591 -1.240981 -3.581369 -6.806042 0.389636 3.306330 4.469656 -8.689982 9.802810 -4.499136 8.114295 7.280542 
-9.657916 5.989941 9.855870 -7.214087 8.257922 -3.234406 -9.435501 -8.408316 -3.637608 8.034469 2.369027 2.945560 -6.619629 8.734815 1.939303 2.866777 -6.443986 8.617826 -1.928244 -5.944142 4.570815 7.706376 -5.650242 6.407983 -7.188355 -1.031576 -1.486625 -1.826898 9.203158 9.785850 -4.485624 3.345600 9.844898 -1.542079 -3.824118 1.519630 -3.824812 2.911286 0.137713 4.940491 -5.625119 -0.166668 -3.987597 7.462332 -1.834382 -0.754387 -109.758036 -2.135637 -7.218720 -1.390472 1.556546 9.760618 0.396803 8.781307 6.020139 -1.629771 8.405128 -5.887818 9.209493 -5.692482 7.446757 1.127235 5.624574 -4.428481 8.610545 0.485777 8.691017 -8.488942 7.653601 -8.452902 5.099932 -7.639078 -4.466717 -6.746429 5.104981 -0.372243 0.487111 -2.465048 -9.190230 -8.668991 -2.789033 -7.944172 3.569935 5.082888 0.230009 9.997522 -1.323938 0.680795 9.514724 4.912915 -4.577312 -3.620647 -7.914449 -0.369872 7.162494 7.375504 -7.667694 -1.510814 -7.292911 -8.949530 
-0.803246 -8.678726 -1.798016 1.926199 8.927635 -8.931254 0.669928 -8.935610 2.551726 6.325636 6.100198 2.177926 7.351318 -6.646589 1.386901 -7.005221 -8.391130 5.471452 -5.330173 -0.997436 -2.958061 -5.857916 3.131561 -4.766687 7.482026 -9.048701 4.252530 -2.533657 -6.346067 -9.550723 9.371215 2.593960 5.382598 -1.678893 1.664529 -9.279369 2.218622 2.216444 -5.545711 -3.821266 -2.328893 -7.854939 3.478229 -2.368654 8.474937 -5.802861 2.556706 109.379938 -6.018851 -5.061244 -0.865414 -3.074498 8.139626 0.660099 2.897481 8.592448 8.224097 3.267033 -0.176685 2.969814 -7.635454 -3.997813 1.442966 9.764449 7.718808 1.045301 -5.759632 3.811139 9.328886 -7.724137 6.379583 1.277451 0.709765 -0.730319 5.783127 -4.392920 2.653353 -2.379725 -9.464046 -7.754482 8.800835 8.814544 9.859621 1.230978 -8.802759 9.843208 6.099687 2.175661 -6.059100 1.819757 -8.543849 2.777930 -4.222551 7.830810 -4.023110 7.237892 -9.259885 6.108702 -7.341656 1.296820 
-5.225666 -6.805149 -1.117911 -3.667829 5.403474 -4.315325 -9.609994 0.040136 -7.004210 -3.139054 9.024638 -8.282331 5.880668 -3.034897 -3.044401 3.833740 7.406278 -4.113805 8.506932 0.511257 1.142528 -4.163548 -2.781717 5.533454 -8.117235 6.869879 5.540092 8.109030 3.845066 6.054498 -7.155165 -5.597240 2.380415 5.037674 -6.713818 -2.939313 1.626357 1.590956 -8.287114 9.176126 6.473722 -4.570974 8.963130 6.068133 -9.346552 -3.310219 -2.981084 9.920215 -103.267801 0.984750 -1.750577 -6.651312 -4.285791 1.085720 -5.243665 -4.963153 -9.204950 -1.967329 -1.552675 -6.345271 -9.391007 -6.130205 -1.854148 9.402627 -4.804980 7.634038 9.454672 9.477811 -6.549281 -1.793209 8.373278 1.420672 9.497101 4.262327 2.316907 6.554940 -4.322516 -7.196630 3.177062 4.346430 -8.481504 1.951536 -4.216441 -2.887820 3.319989 -2.622050 -4.653767 -5.025509 -3.674897 9.954596 9.051399 7.604227 8.593771 8.943636 1.184117 8.815145 1.504937 1.173554 -5.609271 3.518602 
5.503532 3.546639 -1.217161 -2.260680 -5.970235 -2.528716 -9.836109 -2.168701 -0.801484 8.736550 -9.302393 4.112580 -1.631623 5.336575 -0.295687 0.484971 -1.990982 -3.498778 -5.757851 -7.605555 9.575152 -6.368963 6.143926 3.980485 -2.434289 0.292332 3.674394 0.045369 -0.713474 4.910246 -4.004389 8.996360 -8.112049 2.858103 2.030210 6.098955 -8.548974 -1.105161 -8.439473 8.696361 7.432720 -7.125483 -0.887050 8.481941 3.795365 2.562328 4.870590 -8.472505 -0.011782 109.359689 1.878193 -6.741129 8.509780 3.023017 -1.837461 6.715268 4.598556 -3.797549 -8.579263 3.225574 7.786225 5.701572 7.075790 -7.719862 8.163563 -5.019224 -4.882240 -0.346382 -2.686060 -7.509317 -0.670204 -3.810647 2.803852 -3.321963 6.228873 0.301404 -2.674063 9.642587 9.599780 -1.385659 7.111247 -3.839574 3.300328 1.191429 -8.870440 4.649327 7.811449 9.807288 3.735314 6.351869 -1.410483 8.012740 8.081015 1.040347 -6.110291 5.537528 -3.382158 7.006217 1.017830 8.898435 
-4.998892 -7.934274 -7.281717 -2.758973 6.656991 9.566091 -7.257367 6.620377 -9.608324 4.625093 8.713456 -7.224681 7.795746 9.238435 -6.338482 -2.723393 -2.078276 0.647115 -6.305015 0.342143 -3.226024 -6.412258 -9.860190 -0.201323 -3.599787 7.398015 -6.252648 -4.925339 -2.842771 -5.221946 -4.137020 4.161466 -6.198747 -8.950770 -4.751089 -9.661634 -6.474791 9.627422 -3.345357 -4.214260 -6.179960 8.721861 0.672044 0.801950 -1.288481 4.024010 -2.023558 7.225407 -6.957036 -1.290441 -102.359095 -2.153585 -3.214381 -3.128059 -9.362136 7.542547 5.952995 -3.218438 8.456512 7.147907 -5.322582 -7.033608 -0.139474 0.903771 -4.064062 0.939621 3.899704 5.944459 -7.156692 2.393067 -2.678600 0.053093 5.281758 -8.533022 -3.061379 -7.213630 1.263379 -5.783954 -5.275824 -9.554281 -5.780056 7.717900 1.582442 1.767688 4.374489 0.750600 2.461182 -3.906011 -9.248265 -3.565657 9.407248 -4.475772 5.502100 -5.900012 -4.843205 3.535582 -9.821490 -2.461120 -4.258284 7.128291 
1.953740 1.095681 1.588813 4.434470 -2.637371 -6.459386 -0.402153 0.178615 -0.764371 9.054101 -3.782615 -0.061253 -0.885646 5.113191 1.048713 -2.580492 -8.934873 -3.054407 -7.011529 -9.822419 -0.923920 -8.812137 -7.445549 -2.196673 8.830023 9.877838 -7.214696 1.602593 3.356684 -2.234887 -9.527264 -5.571053 -5.542428 -5.780220 -7.112214 5.101751 -9.068380 2.443776 -0.739230 -6.518508 -3.571555 -1.330125 -5.804826 -5.855696 -4.302834 -8.484548 -4.024973 9.701502 1.948842 -6.467179 1.365290 102.558954 -9.556347 4.558365 -8.794723 -8.872458 -8.859209 7.008244 -5.964569 -4.826443 -9.455816 -9.186903 3.386238 -8.269919 5.644600 -5.688878 -6.207843 8.308651 -3.855205 5.199443 4.050296 4.345464 3.852646 -8.882511 -4.416103 -1.135748 -9.695247 7.938373 -6.461544 1.556751 9.458973 -0.984284 5.715311 6.477613 -5.032651 -2.721484 1.936802 -7.324262 5.030320 6.907645 3.853964 -8.936352 6.911248 8.375787 -6.767174 6.735572 5.164560 4.423132 6.885437 8.316012 
8.315524 4.043939 -7.872411 -6.010691 -5.381678 -4.357592 -4.340280 4.914247 0.713710 -6.628499 7.744895 7.456730 0.063249 3.353880 -7.520872 3.634201 8.301493 -4.836812 7.573245 0.015614 2.243286 -9.757405 7.580250 6.587077 -9.916343 -9.368615 2.365430 -1.785502 -9.529824 -1.061575 -0.195140 7.694924 3.196256 -5.240745 3.250654 -1.686677 -7.396931 3.674065 4.700070 -9.642805 -1.492746 9.534775 -9.929813 -4.932835 -8.949800 -4.889605 6.625683 6.021201 -2.184170 9.680175 3.309879 6.580852 101.899297 -6.198137 -3.139866 9.505875 2.708656 -4.126639 -3.000311 4.442585 5.869022 -2.079729 -5.846065 -6.143243 -1.862036 2.099554 -6.963106 -0.664192 -6.465789 5.344791 7.430567 2.885645 -4.584741 6.655961 -7.090705 6.204870 -6.897428 -4.897900 3.662390 2.620193 -4.181962 9.480714 -9.572094 -8.308373 -7.388333 7.754285 -7.098672 4.370351 2.306323 -9.264507 1.137761 -0.523922 -0.744893 0.541237 -0.276048 4.064789 3.628856 -8.696658 5.713036 8.034140 
-3.615702 -1.880879 5.668955 8.532830 -7.306278 0.696083 -6.135885 4.976036 -2.944765 4.824960 -9.241398 9.163125 1.276465 -3.479647 9.443668 1.585255 -0.353683 -7.761526 -8.322048 3.501315 -9.585487 0.734428 -1.171920 5.763062 2.025567 2.003660 -3.502756 -3.280663 4.719651 9.009914 0.534350 8.263230 8.860618 -7.842745 -1.787632 -4.106551 -2.150159 -6.652129 6.737565 9.781259 0.477477 -4.941396 7.413075 0.085075 5.730781 0.675255 -3.038541 2.982057 5.430335 7.446938 3.307318 6.649750 -4.834724 -102.412689 -2.899026 -3.040419 -3.636612 -0.256574 0.663146 -2.790316 -2.036627 -7.884892 4.124046 8.012079 8.912573 7.103200 5.782877 -9.838848 0.624796 7.942849 -5.665809 -4.259119 -6.649995 -2.299204 0.428448 -9.078677 -8.880589 0.011920 9.561860 -6.915996 3.498994 4.199550 6.022896 -6.545030 8.522935 -1.846692 -3.611487 -4.182113 -8.137724 -0.803812 8.205204 2.776366 6.855511 2.349909 -4.369177 7.682200 -9.893252 9.286043 -5.124405 -3.583286 
-2.709480 0.425779 -2.042425 4.473597 -7.066465 -2.206313 3.986384 6.758482 0.958129 0.153636 -9.380448 -7.851364 -0.882080 9.267489 7.225052 7.499148 -6.498600 -7.012923 -4.510873 2.038679 -2.582930 -8.098315 6.677427 5.903779 3.815188 2.803427 -5.371530 -1.682131 -5.600143 6.001632 0.762703 -1.658501 -2.271305 -6.753030 2.652134 -8.547003 -9.853854 0.139279 8.766228 -5.799010 -7.984627 -4.629932 -0.369449 -0.822597 -4.301883 9.533068 -0.898642 -2.127544 -1.147342 7.147162 1.858187 -1.583317 -1.866643 -6.838732 -108.316806 2.588224 4.173905 -8.531631 0.339958 6.317962 -5.802860 2.513521 2.600079 -9.632974 9.523643 -7.619143 5.627250 -4.965268 7.674342 7.833066 -8.880952 4.634381 -6.514864 -6.221691 3.271981 -3.464224 2.188985 -9.100099 -5.932038 5.843740 7.120533 4.583881 -5.780403 8.474129 -9.007965 3.185107 6.046456 6.261253 -7.221625 9.562272 -1.631347 2.892327 -6.884852 -7.631105 -7.014964 -5.172134 4.554213 8.297482 -7.658051 -0.358328 
-6.691066 -2.905115 -5.019785 -2.414869 -7.382674 -6.382095 -6.800492 0.637702 -6.099826 1.461639 -9.140468 2.707539 9.553966 6.211396 8.447151 5.511781 5.751757 7.076563 7.261003 4.345399 0.633229 0.463934 -1.153374 0.127230 0.397188 8.058710 -4.092193 3.504282 -2.107922 -7.313251 -1.578710 -7.155614 -1.900189 8.449008 9.324260 7.106772 -0.234173 -4.836411 7.332886 -5.631896 9.247993 5.558597 7.251612 3.806950 6.760450 6.904793 -5.006258 7.986058 -0.076337 8.560534 8.865928 -3.637840 -5.887586 -9.199711 2.434190 -107.700610 6.226112 3.147211 4.629972 -1.467136 -1.366942 2.520322 3.047750 -1.176302 -8.164570 6.122799 -8.448440 7.280491 -2.187553 9.862622 -7.365039 3.674954 7.747376 -4.599130 -1.501679 3.813914 -6.542822 -2.557359 -6.185537 -3.791739 8.794929 -2.868531 7.414005 -3.219312 -5.788378 0.498458 -6.852845 7.432282 6.471306 -2.638427 9.136976 -0.085895 -0.615025 3.911045 8.992807 0.393563 9.453072 -3.815538 6.673780 3.577423 
3.994743 3.988056 3.513742 -0.511832 5.643651 8.661569 -7.966874 -3.528628 -6.255920 7.133755 -6.831884 6.823374 2.805100 -9.757855 8.226971 1.712143 6.772582 -2.913859 -2.746075 4.394131 -8.149584 -2.429020 1.709085 -7.296455 8.284066 6.060601 2.754942 -9.674620 -3.750131 1.484715 7.605793 -1.081686 -3.036591 4.245643 -2.975829 6.576166 8.218565 3.371213 5.677931 -9.617009 7.103805 -1.757354 -2.290694 -9.095512 0.121434 5.634197 -5.379211 -3.048976 0.314537 -1.767821 -0.551145 7.446281 8.940793 6.860070 0.656987 8.167382 108.434661 -0.280548 -7.507680 -3.672719 -6.330115 5.027281 -3.400021 9.810221 -6.845026 4.272749 -7.284871 -4.657051 -1.516645 6.701051 4.322277 -6.466119 6.593077 -9.735969 -2.354668 0.485490 -4.431503 0.108535 8.537800 7.687734 1.534278 0.493480 2.892316 6.164287 -6.267464 2.330513 3.981535 -9.777051 9.047458 9.019042 9.352565 2.360345 -2.323864 -4.378094 -6.303877 -1.705176 -4.917325 8.928682 -7.801108 -1.013293 
-8.747456 4.930615 -7.950044 6.079838 0.109151 -5.065854 -6.876609 9.442404 0.716251 -9.421266 -9.308586 -8.140810 7.141405 4.577910 2.358895 4.777480 1.566248 3.564440 -0.116130 -7.169260 9.954477 5.626891 -0.850360 2.518141 3.946825 3.534972 -8.789301 -2.353483 -6.075823 -4.838439 6.558714 1.288225 7.204474 -8.888646 7.363215 -0.455499 -5.979942 -9.263064 -3.573077 -6.454288 1.657036 8.943735 3.200443 7.328115 -5.325820 -3.350307 -4.986476 8.944777 8.950064 -8.348040 -2.167051 1.108718 -0.309897 -8.316296 -0.585534 -0.320441 9.197346 105.167744 -1.407552 -3.354553 -0.638835 -2.835009 -7.189307 5.516122 9.976035 -1.215462 6.095306 9.224735 8.649851 0.491843 1.682261 5.826586 9.170913 -5.112663 8.602586 7.110605 -5.045331 9.633563 -0.120626 8.427426 -6.109760 -5.266975 5.967768 -7.719187 -4.990645 0.698917 4.654493 0.678622 -0.561740 5.912044 -4.869217 0.831130 5.404685 5.991928 -7.993518 -9.477738 -0.740030 4.669818 6.553196 -0.768098 
7.161301 -8.404709 -0.250695 -4.643817 -9.579017 7.603901 6.592612 -9.193789 -4.611530 -1.542004 0.527031 9.355806 0.314009 -1.921033 -6.814607 6.580587 -5.862170 7.390546 -7.936299 6.676188 4.737556 -6.669310 -8.982870 -5.843689 -3.822328 4.790664 2.891930 -4.077900 -8.465530 -0.848974 7.431999 -9.036633 9.375319 -2.421525 -1.560167 -1.957464 -1.189958 7.527562 1.816554 -3.145243 -1.834404 2.805327 -8.580131 -6.706730 -6.187137 -1.567430 5.810320 3.316271 1.643460 -5.788078 8.620398 -7.412504 0.243496 -7.471037 -8.478761 2.867173 -6.708169 3.561285 100.145103 -1.169508 -0.963780 2.204874 8.476108 1.580946 5.478948 4.246328 3.998437 4.679695 4.893351 -7.241710 -0.149514 -7.178119 -2.295036 -9.340510 9.917043 2.284026 -5.171806 -4.105208 -7.456162 8.048347 -4.526814 9.140386 0.905906 0.800355 -1.331501 7.758500 4.209436 -2.082458 1.257806 3.099788 2.491257 -5.983801 -1.055788 2.854322 -9.446827 -9.665836 -2.360155 5.186917 6.622071 -2.984469 
-0.069859 -8.029173 2.611733 0.185802 5.465539 7.711402 -7.923573 -6.531671 7.254423 -7.006158 8.161253 -6.028879 -0.375373 -6.433250 6.282483 -7.006196 9.795909 -9.287158 3.193761 -1.821541 9.483734 -7.613024 -2.754466 -1.080170 -0.107173 -4.727704 4.243959 3.886339 -4.986052 9.613149 -4.797503 4.389821 -0.576806 4.961754 -2.537228 -9.061342 0.769647 -5.222298 -0.306983 -8.221330 2.309865 7.165118 2.486518 5.097987 -7.825102 8.739679 -1.935316 -2.043310 5.685065 8.005818 -3.893466 6.947079 7.001980 1.082287 -6.580007 -3.269520 7.024212 -2.407490 -8.418702 103.114634 8.625574 -6.361076 -2.842104 5.737304 3.266265 -2.411052 -7.074059 -8.225781 0.165633 -5.737750 8.396658 -4.664914 3.291199 4.408874 -7.636262 9.999996 -8.467516 -3.408046 -8.041942 9.590102 -6.755549 6.716171 -9.795608 1.968998 -1.709763 3.320916 6.983983 -1.311111 3.729766 -3.637303 1.423843 -0.859217 7.499176 -7.923535 -0.476656 0.902198 -9.157978 4.026052 8.869777 2.602287 
-6.925853 1.834910 -8.315775 -2.884426 5.049314 -6.033836 1.945334 5.850698 -6.688745 -7.414423 -2.667137 5.860394 7.740916 -3.442301 2.617886 -1.647305 -0.151757 1.913872 6.883595 5.449817 -4.276653 -4.545942 -5.607741 1.780113 -0.301138 -6.876003 5.621325 0.670551 0.234084 -6.381014 2.057835 4.772479 1.211364 -4.316523 9.569945 1.859127 2.381721 5.610731 -6.437383 1.334130 -3.702196 6.047955 -2.856992 -3.471118 -2.690128 -9.795010 9.503467 5.277469 9.781944 -5.268469 5.472932 -3.486510 -2.272974 3.115846 -8.936381 7.258078 9.485343 -1.148017 8.978174 3.186010 104.539592 -4.511669 -3.877820 -7.016957 9.622796 -3.663611 -9.751645 -0.386008 -0.918355 -2.782475 4.257895 1.875950 9.087468 -3.534976 7.771985 -7.839467 3.006131 5.433826 4.122502 8.753352 -6.705682 0.037156 3.616826 6.446774 -2.055458 6.230326 -2.607507 -8.045527 0.012159 1.250853 -1.384313 9.785380 9.222289 3.822700 -1.121553 0.776927 -8.496639 4.740782 2.416718 3.725395 
9.605039 7.493236 -3.901365 -0.755387 2.142861 3.528657 -2.741425 -4.380144 5.610074 3.251952 -0.690760 5.612063 -7.230578 6.561939 5.619243 -9.248722 7.262707 -3.650439 -0.233994 6.378424 4.736347 9.650880 4.798268 6.203603 -7.479261 -4.775599 4.714185 -1.223595 6.347636 5.977147 0.010216 -3.000151 2.492065 -7.753933 9.462888 -4.265771 -3.439296 -6.714837 2.160777 9.498546 -9.126195 -8.622824 6.200329 -5.330519 -2.628823 -2.418265 9.883480 1.600173 -8.533751 7.715722 3.167306 1.147463 4.966893 9.259484 2.310426 -1.255138 -7.754738 -7.312778 4.104798 7.947974 -2.414058 -106.784634 5.737879 2.345358 -4.486752 8.442453 -1.065072 -6.892115 -3.650075 2.985559 -8.084005 -5.683898 2.635704 9.200247 -9.668574 9.907963 2.915622 -1.202334 -3.925426 3.245453 -5.604563 2.057140 4.828949 5.403685 1.924193 -1.596166 6.070123 -7.895745 -4.171033 -9.657096 8.777181 -5.169679 0.329109 7.027855 -9.055089 -0.429714 2.379078 1.337170 -5.426697 -6.684291 
-5.300581 5.482504 -1.251134 -8.385011 0.453794 8.917257 -8.701223 -9.182810 4.323813 -2.322796 9.317113 -2.892621 -9.166090 9.567873 -2.298524 -8.852776 -3.474967 -2.812989 5.915382 -0.456307 -6.331520 0.625612 -3.098662 1.690368 4.274604 9.857966 9.876182 -5.513347 2.300477 7.745337 5.906978 -6.926638 4.556676 -9.607817 -5.765381 0.924334 6.845334 -0.725062 -1.017716 -2.178340 -8.480988 -3.900594 1.439520 -6.107974 -8.227105 1.206263 7.868289 -4.489590 4.084524 2.306354 8.832411 5.572472 3.931053 7.971286 1.094344 -3.265120 7.062166 2.195562 -3.622923 -2.705479 0.399965 -7.542899 106.819620 -0.283442 -2.978822 -3.794977 4.274758 -6.541270 9.031885 -8.603243 -2.240217 -8.789181 1.533537 9.784824 8.987129 -1.677211 -6.596644 -6.102772 8.482023 -4.955954 -4.887065 8.708585 -4.217326 -3.628189 -7.622003 4.412090 3.161982 0.231356 -4.854959 1.753005 9.549738 -4.714201 4.417720 6.221292 3.540942 2.831894 -3.509325 -2.887458 -9.263893 -4.443861 
9.579656 9.330228 6.837633 2.526629 -7.641385 6.325444 -8.427103 -1.410320 -4.593651 -8.730215 -7.402011 -1.981888 1.054746 -5.007481 -3.536458 9.905331 2.825206 5.276872 -9.470330 -9.423265 6.873961 -7.709155 9.011824 -9.273633 9.949997 6.675279 -8.883858 -7.676584 5.186930 4.040001 3.771739 6.126071 8.214568 -3.921043 -5.680857 0.777870 2.092838 5.332572 -5.973487 -8.144728 0.393607 -2.032143 1.127705 9.146601 -9.765117 -5.839578 1.183723 1.826827 -3.495137 5.990798 2.125132 0.991134 9.544429 -3.997983 7.695201 1.513551 -6.570532 -5.198694 -6.211762 -0.671718 6.148509 0.139782 9.549761 106.241785 6.138034 8.317784 -3.198774 -0.993878 3.602339 1.555599 5.737784 -0.971255 5.556940 -0.560523 9.042498 6.355759 -9.269555 3.728533 0.504664 -6.918933 7.363078 -2.674313 -4.215059 5.726265 -8.296150 -3.607663 9.343774 9.546173 -7.087928 -1.456273 0.991578 9.203744 -6.043203 -2.393576 5.451185 6.774553 -6.741608 8.938002 3.843295 5.244581 
-9.505035 2.891346 7.180419 2.775962 1.840158 4.157522 -7.928244 -3.350355 5.606038 9.026834 1.865886 7.884578 3.317988 -6.770681 4.273704 -8.612118 5.720845 -6.927925 -4.703224 -1.515486 -7.093662 2.458981 3.491148 7.233762 -2.760376 4.695292 2.117628 4.857911 6.887061 6.313417 4.007782 6.632800 -2.319271 0.454344 -0.025776 -6.861264 7.226597 4.863576 5.480453 9.290400 -2.522983 -1.948042 -9.091384 1.908144 -1.898654 8.222099 -8.260789 -6.890867 -5.253935 5.356879 -1.554277 2.995693 2.125654 2.801240 -5.551848 -6.460313 -9.805109 1.953893 8.149974 6.966618 -2.948431 -4.991450 5.661665 0.199068 -103.001913 -7.259368 -0.719951 4.191101 6.343467 4.989024 -0.847006 9.778243 7.587596 -3.287619 3.886198 -9.488088 1.868759 5.041269 -0.451478 -7.620001 5.950086 -4.351025 -2.194860 -3.366616 5.519593 -8.139647 -5.040902 2.178274 -0.475108 5.773482 8.665394 3.837579 1.002786 -5.128434 2.439662 -4.634105 5.502127 -0.001497 -0.539831 -4.778525 
-0.838151 -4.808422 -9.229140 3.793807 -4.594374 9.723118 4.424854 -9.181304 -5.477478 4.451700 -9.160010 5.739816 4.293688 -0.955545 -8.396717 -1.099698 -9.046518 9.986402 -2.285091 9.192241 -9.003139 7.627331 -8.549687 -6.220043 -0.831024 9.228736 -1.153642 -1.809406 -8.271707 -7.060397 -3.375566 -9.348182 2.027862 9.629898 -0.399923 -2.621928 7.801919 8.779652 1.204819 6.252272 -2.741663 8.315964 8.386639 -8.536660 -1.625798 8.270034 3.074848 2.254831 2.203482 0.491426 -8.908959 7.468529 8.151187 -7.285919 -0.999147 -0.448681 0.864408 -9.413963 6.953773 -5.958506 9.358851 -7.426103 -9.948396 -2.442299 -3.669245 -108.049938 7.152625 -6.079154 4.667262 5.013459 3.579813 -3.657678 -5.743230 -3.945126 -8.019019 -9.706284 -7.265851 1.258556 7.005831 5.497012 7.109628 3.147445 -0.618923 7.323394 -9.167803 8.597653 -3.241162 -6.274582 3.565369 -8.902291 7.386910 0.166518 -2.367363 9.720346 1.418379 -9.543161 -2.685321 -3.456208 -8.150083 -4.327647 
-3.670987 4.254891 -0.265940 5.338355 -6.409305 5.076541 -8.450680 0.193635 -1.882338 0.676181 -1.160639 6.460169 0.210887 -3.990971 3.595304 0.020659 -6.941117 -3.293207 -6.980286 -1.625309 -1.711959 -8.447845 -4.921597 -9.405970 3.502091 -3.559132 -2.077069 9.129181 9.961786 -5.104777 0.151334 4.475186 -5.659562 9.051447 -8.400173 7.721423 8.325345 -5.664192 -4.127009 6.500324 0.088023 5.181141 -4.565532 -9.200764 5.388665 7.259189 -4.402612 2.600101 3.548649 6.896116 2.437537 3.275744 -4.963070 -4.141261 -1.830126 3.952347 9.976095 -9.522562 5.039192 -7.104118 4.341620 -7.621178 -0.930640 0.493391 3.528627 -9.556281 -106.148057 -6.838986 5.872950 6.110257 9.147600 9.258280 3.332714 -6.170818 4.929103 6.619255 -5.276454 -9.045035 5.726641 -0.582343 1.328686 -9.579508 4.751010 -4.999203 -2.781913 -2.447087 -2.372916 -8.288435 5.998434 -7.861503 2.976157 5.133310 -5.620466 -0.213232 -2.553154 0.884918 -7.021317 -8.476694 -2.494173 0.895039 
3.612665 9.180132 4.360934 -2.054740 6.772240 5.331269 7.234062 -5.837516 2.886381 4.160588 7.676909 -3.881723 0.752270 -4.827628 -7.768062 9.556177 -3.549919 -2.793268 6.558545 6.701012 9.639498 -7.863949 -5.476315 8.174816 -9.539493 -9.221241 0.463176 2.978779 -0.718996 9.800563 -4.218834 5.151460 -7.375270 -3.976279 1.899766 2.446509 -1.252778 6.523296 -9.193059 -8.714178 0.313463 6.172568 5.413236 -4.253060 8.236889 6.285694 0.355562 2.570132 -9.229428 -8.154233 0.133428 9.495056 1.249576 6.718475 -8.076183 5.214016 -1.742529 4.669090 5.531145 -8.780257 -5.421352 -6.627092 -5.425629 1.773924 -7.728120 -3.003756 9.964481 108.093366 -1.123959 4.565071 -7.564524 -7.543585 7.356581 -2.242910 6.054380 -1.403190 9.169566 -0.678963 9.690356 -6.071120 5.010622 6.496546 2.431444 -5.604189 -1.064495 -9.323267 4.649542 0.356444 -5.022450 0.174590 6.260028 -2.136520 8.311089 -5.386628 -1.842416 0.311295 -6.639886 6.732419 5.932305 -7.104833 
-5.683202 -5.354354 5.409589 -7.438283 -0.553723 -8.699759 -0.912590 8.776323 -8.690472 7.501598 -7.262757 -4.404999 -6.364191 -8.702995 -5.748882 -6.512453 6.323691 -3.014817 -1.054948 8.625783 4.341364 7.324531 -3.079504 4.143078 -9.155059 -0.919621 -1.408457 -1.391442 -4.308914 4.056107 -4.379426 -1.297543 -5.598186 8.561446 1.776739 7.156655 -7.378593 3.954670 -5.637334 9.378453 9.767160 -8.723800 -2.180878 2.084060 8.092784 9.441160 -6.188730 -6.648533 8.367953 3.342614 5.247369 8.345332 3.771495 7.028276 -4.346562 -5.420842 -0.447466 8.520482 7.363731 -9.384456 -2.999734 -2.479611 9.143769 -0.480265 4.796478 7.005462 -3.060768 -6.923666 -102.711839 -5.025472 3.338815 -7.049041 -1.878335 -8.816830 -7.155348 2.706209 -4.946345 -9.230496 -9.466260 -8.577631 -2.408448 -5.708971 -5.103804 6.138797 3.766509 -1.311268 -8.780909 -4.630556 -6.839799 -4.145244 6.641871 5.041098 6.722681 -3.158259 3.260581 -5.744009 -5.047217 9.881594 -7.373353 7.117455 
-0.165971 -5.446129 2.547342 -1.168593 -2.405808 -4.719921 9.525433 3.550822 2.928424 7.973939 1.331007 0.504914 -0.845655 -8.902956 -1.246926 2.871411 -1.218336 -3.159619 -3.019842 -4.377467 1.754966 -9.871290 8.810882 3.681800 4.988476 -8.666788 9.107441 5.631105 -8.422895 5.351026 9.692627 2.522092 4.078875 1.473183 -4.185452 -4.126770 -1.822255 -5.606931 -7.772000 -2.894883 -7.435907 -1.339434 1.546023 -0.255706 -4.083131 2.046735 8.660049 9.337372 2.581915 -5.950507 -1.499242 0.362912 9.273273 -0.164566 9.498181 9.398591 -4.530890 -2.327240 -2.481293 -7.596330 -8.278082 -8.490890 2.115242 -1.044690 8.877718 -4.891923 7.677894 -9.861318 2.707495 105.491014 9.658413 2.731536 -0.918057 4.705186 1.693097 -3.349908 9.062661 4.715357 -8.656264 -9.494676 3.183060 -4.494810 1.972110 2.362645 -5.366507 5.436130 3.387286 0.185766 1.741274 0.861498 -3.696936 -5.234004 7.671932 -6.265411 -6.505545 -9.648918 2.302021 3.648873 -5.297152 7.558346 
1.471838 9.497868 -2.661043 0.725946 9.025485 -7.364278 -8.561904 -7.551833 0.748654 4.446249 -2.320323 -6.070216 -7.797851 0.204416 -2.526858 9.747662 -5.962435 1.586798 0.618533 -5.520972 0.043931 3.290341 9.156061 -3.213693 -7.405168 -2.519323 -9.893510 -5.934533 2.596324 -4.435593 6.089607 0.635617 7.131122 -1.707736 -7.226413 9.610644 7.573341 -8.168209 0.752229 6.075200 -1.484708 -1.642802 -9.192204 2.251961 3.682420 4.531000 -8.155372 -1.362881 -8.397868 2.487174 -8.613695 -2.989092 8.595079 -9.513417 3.210568 3.941538 9.833573 0.225904 -3.590566 -2.660825 -4.140203 -3.421411 -7.472922 -3.579431 2.629167 -0.417062 6.166661 -0.693149 4.576764 -4.001349 -103.881462 7.981278 -8.511305 -1.686888 -0.139143 4.546749 -9.180530 -9.896751 -2.484158 3.781057 3.385597 1.211303 -7.456290 6.117676 6.845666 1.287731 -7.648434 1.309233 -2.506569 -1.000505 5.802372 4.562950 2.697569 -5.058278 -9.974959 8.801012 -0.938543 9.332420 -9.596131 -7.073241 
-7.528042 -4.865759 -2.746983 0.186579 7.502004 9.858681 -3.765552 -6.338632 0.682874 0.529417 6.092222 -0.711930 -6.329787 -8.875773 5.651262 6.418843 3.370731 7.736841 -5.904411 4.606469 -3.728092 -4.629213 -2.112972 4.123322 -8.446474 9.187984 1.581371 -1.307393 3.867622 -0.061016 -7.776044 -4.863211 3.454944 -6.144704 -6.981313 4.878439 -3.446542 7.319662 8.455334 -9.549182 -4.422965 1.333079 -6.076768 -7.495838 -3.331524 1.867264 -3.107619 -8.524249 -9.476798 -9.228134 -4.598989 8.710917 4.724279 -2.384987 3.753433 -5.022061 2.116231 9.788817 0.935358 9.511698 -7.459966 1.221796 -2.870193 4.623683 -6.276091 5.383560 4.968025 -6.930188 2.109861 -0.645204 6.592039 -100.001547 -4.368786 -7.629767 7.303263 3.983161 3.115708 2.380014 7.857003 7.839727 2.916985 -7.157270 7.774353 3.383520 5.985758 2.191901 -5.091286 3.639819 3.943485 -5.748063 -2.859957 0.773515 -8.642431 -1.145702 -6.323073 8.043455 9.966520 -9.069028 7.850631 -1.952904 
9.472467 -3.474664 -0.125430 9.549376 9.749447 -5.381511 1.549724 -1.012747 0.878043 2.390120 -8.864815 -2.224172 2.091890 9.219476 -4.161943 3.924100 0.365773 0.342154 -8.673231 -0.891133 3.449516 -4.171871 -5.656698 -6.072996 0.707284 -6.046450 -8.197576 -6.469587 8.492176 -2.333922 -4.266018 -9.885134 -9.041517 3.391987 -9.638207 -9.937420 -9.364536 -2.596422 -5.943485 -9.707223 3.126960 1.808675 8.463418 -1.986977 2.845641 -8.580152 6.652591 5.554593 5.443903 7.501365 -2.970183 7.705827 -4.653672 -3.931722 -9.207403 2.804671 -7.726211 3.179452 -0.284787 2.010897 4.143532 -9.016239 6.685762 -8.271883 -3.409707 0.899819 -1.027854 4.762643 -4.278522 7.359913 6.286002 8.359098 100.634591 9.274861 3.090313 -9.608753 6.585469 -6.738597 5.504983 -2.687265 9.698818 -1.440395 3.345638 -0.222733 -5.817799 -4.789843 3.200021 -8.612642 -6.078853 3.096406 -8.273657 -9.101827 -2.266289 8.087480 3.954140 -1.610675 -4.635853 4.964137 -2.010477 9.543839 
-4.659522 0.383043 -3.322945 7.599846 1.588011 5.238372 -6.311466 0.691747 -1.564468 6.107274 5.514369 8.144541 2.111345 9.515532 -0.917258 -1.683789 1.681897 6.221703 5.358097 7.771480 8.684564 -7.388058 -9.781878 0.158420 7.338999 1.733599 8.298058 9.087351 -2.053734 -6.557311 -6.669803 4.388510 -8.411779 9.881706 2.301781 2.263834 1.498319 9.043379 0.009584 -8.909150 -2.789914 -2.992580 -5.099002 -3.444521 1.457758 7.781084 6.704249 4.843155 -3.993595 -7.518840 3.025632 8.911773 3.746948 -5.918867 5.162369 -8.875896 -7.136394 9.628023 6.732079 9.463686 7.537237 -6.596393 -2.852749 2.552623 -1.217056 -4.736168 8.208603 3.166453 4.267046 -0.278418 3.980086 -8.497736 0.521228 -108.988515 4.436140 -4.335595 8.863561 -3.979053 5.596913 1.976105 -7.989972 3.510954 6.308659 5.794201 4.578468 5.184162 -6.468144 -2.371911 -6.737151 -6.391197 -0.294169 0.702111 -8.866171 -4.367483 0.984075 2.548473 -0.186577 -6.671970 -3.913377 -6.677859 
2.141860 -3.411262 4.773286 2.283222 9.115962 -5.804328 0.072847 -7.979142 -0.689201 -4.020761 8.332788 0.880706 -7.363659 -0.443433 8.124842 9.299357 -8.032556 -4.269621 -0.901331 -6.557651 0.746185 0.050677 -0.720198 -8.614064 8.592155 2.298551 -6.443660 -5.455495 7.998856 -3.823007 -2.083275 -4.523661 0.281957 -8.728848 8.878370 1.450375 7.097680 -6.484491 -5.202565 -3.866035 -0.818856 3.222820 7.026849 9.354073 -2.075479 -7.741530 8.337267 -6.539665 -1.619879 -0.432094 9.543704 -0.438627 6.089817 -0.502952 -7.099778 0.732888 2.789797 0.834546 8.539107 -0.277661 -0.265785 -1.125200 9.942381 -9.695960 -9.494660 -9.571142 -3.866337 -0.277525 -8.787937 -6.967096 4.997079 -2.897984 0.694399 5.598541 -105.011132 5.899453 -5.374369 -6.991784 1.897895 -1.669575 9.330618 9.717286 7.826725 -2.715135 -0.594496 -2.577420 8.343680 9.932360 9.578897 -9.370794 0.247936 -3.283256 8.888239 4.380390 -6.746777 -4.931956 -1.820877 -6.663022 1.347113 -4.005912 
-4.000513 1.821032 1.377504 1.852002 8.168851 -4.154518 0.815760 6.436333 5.405852 3.859409 5.555469 0.565053 5.533579 -8.040265 -6.641617 0.153157 2.680240 -9.229304 4.175441 -0.737817 1.528430 8.494681 -3.817022 7.297926 8.799513 0.366490 5.283703 3.201500 8.474766 -9.492116 1.049399 -8.501018 -0.695900 -6.508231 9.488858 9.746664 3.165657 6.484830 1.691217 -5.557408 3.499705 -6.553198 2.961534 1.778802 -1.745507 -9.063686 0.609942 6.178592 -9.471911 -8.785496 0.434426 3.541572 5.349804 4.551918 4.062707 -0.609472 0.858065 -7.287618 5.562321 5.943024 -5.803160 -9.251051 -9.566390 1.538542 4.080933 -8.391765 3.855987 -2.110052 -0.551341 0.395953 -1.173752 3.852624 1.709008 0.649697 -1.939029 108.940382 5.264680 -0.042667 1.279761 1.981948 -7.890972 6.370247 -1.795463 5.712678 -5.981522 3.708487 -4.231872 2.826989 0.235919 3.509982 -1.680362 5.065517 6.612176 7.848898 -9.392620 4.073305 0.799164 -8.304630 -4.590735 -8.223601 
5.526756 9.477262 8.693772 -6.159162 6.379348 -7.745960 4.204472 -3.353832 -3.189202 0.143041 -0.495404 4.278645 6.076312 -7.863680 -8.081363 1.683921 -4.111056 -1.126642 7.245165 -5.621015 -3.007575 -7.750717 1.170738 -2.261148 -9.885639 2.563869 -5.910719 -2.579075 -9.519391 -7.001603 6.225857 6.536927 5.326086 -9.060600 -9.916248 -6.309304 5.901064 -2.944907 4.328959 -7.510891 7.726363 -4.799374 4.277204 9.728619 6.924687 7.310200 9.273612 -2.814834 -9.259779 2.441033 5.807028 -6.046273 0.171704 1.123611 -5.733763 7.233187 4.362399 -5.362365 8.307006 -6.653885 -5.091288 -0.923573 -7.730879 -2.032409 -5.084764 -4.292748 7.558028 -4.727561 -5.551692 6.341866 4.248172 6.021983 9.485554 2.552621 0.872645 -7.560452 107.667913 0.915635 3.018709 9.534600 -5.938515 5.784760 -1.675969 -7.035933 9.779599 -9.368074 -2.449787 5.950543 2.619404 -1.955589 7.908280 9.171170 3.972910 -1.783716 -4.341581 7.053478 7.950531 -0.957106 -5.642468 2.792499 
-8.356727 -4.649966 -7.470698 5.171453 9.941164 5.956047 -4.658585 -3.669264 0.900923 -5.946776 -6.525646 7.516260 -2.097782 -1.973604 6.910608 3.051804 -2.322223 -0.698895 1.998523 -5.543700 2.586044 -4.965378 8.397024 -6.575213 2.952120 -1.802997 1.132004 -9.202746 -3.284995 7.214145 -6.952843 0.893516 0.659485 -1.313364 6.434564 4.549055 -6.640764 -8.105355 4.778546 0.414012 -8.924362 5.746321 6.950613 9.272201 1.299203 -3.079479 -2.761288 6.844085 3.623056 3.412068 4.045787 5.668632 7.076618 8.760223 8.406822 7.121084 -2.111699 2.678261 0.950411 7.722961 9.928176 5.881003 9.584083 7.405018 8.946380 -3.214026 9.730729 6.135133 -6.690505 -7.253705 -9.716169 -9.945488 -8.967882 0.188654 -2.545079 -8.034657 -8.838099 -108.333083 6.875741 -4.864108 0.692223 9.686594 6.453461 -4.973064 -6.704771 9.756070 7.054270 -8.182034 5.616217 -0.281419 7.903791 -3.490171 1.438154 -0.278818 3.632061 -2.650667 5.485107 6.414335 -8.976603 3.045467 
5.383226 6.626204 -1.811526 -1.918496 8.369930 -0.912730 -0.960915 -3.259649 7.242665 -7.836496 -5.112368 9.099587 0.967797 3.097650 0.422599 -4.033531 -5.421818 -1.422759 -9.686988 1.107410 -3.102616 9.474283 -8.787495 1.591319 7.976993 5.188461 -1.034489 -6.694013 3.037256 -8.427843 -2.927941 -2.349636 7.260768 -5.781879 -8.057153 2.028829 -6.130352 3.046224 6.834976 4.505979 2.523168 4.341953 -1.333612 -0.459021 2.684136 -4.100920 -3.956743 3.743241 -5.159443 8.115876 3.352240 -0.011166 4.124534 0.229548 -2.000159 8.986514 -6.382954 -1.950090 -1.485491 5.994902 -0.552304 7.371153 8.050696 -6.438690 8.193427 -7.084049 -6.035675 3.714678 3.545377 5.900371 -3.528276 1.315289 1.204836 -1.908430 9.398170 0.432822 -9.715709 3.940420 -101.691740 0.175182 8.651754 4.986283 -0.673128 -4.920514 -7.321201 -1.575575 -8.098164 -1.199927 -8.541858 4.231988 -0.983080 7.463694 6.936660 6.945216 -8.202699 6.459439 7.325575 -2.526153 -3.037289 -1.560369 
-9.721540 7.268763 9.381961 -0.912215 -7.238404 -8.055150 -0.653807 -5.004766 -3.304586 -6.254699 -7.663126 5.246568 1.383683 8.132359 3.874342 4.283665 1.150390 -6.612825 -8.526112 3.112023 6.200706 -8.038922 7.107885 -0.217796 -1.994241 7.145917 -7.020699 -4.626919 -3.402353 -1.067084 2.936444 -8.724780 1.151073 -5.310779 5.564803 -2.436514 -5.300346 -6.552416 -3.630051 8.819845 -0.220214 -4.336536 -3.746735 2.714574 2.318378 7.251099 -4.504632 6.568062 7.789574 2.022587 7.538196 6.822601 7.971686 -4.619702 8.942261 9.067560 1.724037 -1.291902 2.122575 7.079167 6.954163 3.371236 -0.559102 -0.100836 -8.412482 1.969141 7.991503 7.171064 8.472015 -7.164994 -2.492898 3.289595 -9.703304 -0.508239 5.986326 -1.625884 0.186985 -4.704433 -0.977074 109.669312 -3.156727 -9.752074 -2.607724 -9.028050 8.847240 -8.341091 7.971812 1.667424 8.332798 -5.569981 4.761655 9.003277 0.392034 8.581395 -9.789500 1.022222 -3.505226 0.784807 0.716076 -4.473712 
-4.657269 6.905837 -5.317989 9.094314 -7.037249 0.125494 9.426801 -0.527233 -3.199032 1.838210 -8.210015 -1.312029 7.990482 4.898366 1.199142 2.726023 -7.368096 -0.757909 -2.225314 -4.838375 -3.842594 6.566764 0.734406 -5.054783 -8.529240 9.396066 -9.001927 -3.945236 -2.854883 -2.946440 3.625169 -3.191807 -4.582053 1.564428 1.970998 7.887100 -0.223713 -1.565242 -3.329027 2.731532 6.430103 8.074608 -7.517821 9.450064 -9.245781 6.580973 -4.272792 9.892504 -3.480352 7.156374 4.878384 1.536932 -0.866162 0.398916 -8.531831 4.567598 9.009886 9.461356 9.824125 -6.701274 0.711434 -6.202208 -9.979602 -2.946262 -9.287532 -1.646999 2.417047 4.952968 -1.325250 -5.127749 -7.830321 6.969639 -8.076858 2.023334 -8.592968 4.121239 1.203739 -1.292758 1.574822 0.250975 -100.753204 -8.953465 -4.609919 -6.350537 5.612542 9.331564 -9.297341 2.614649 0.501970 -9.210199 8.266336 4.003329 -1.260185 -8.749005 6.336483 1.636638 -6.057371 -6.779944 1.906736 1.631577 
6.644212 3.284740 8.555486 -7.760341 2.869978 -3.044451 -4.669055 -9.982289 -5.014214 0.714653 -8.459277 -4.188004 -2.202880 1.408103 4.908183 4.097556 4.992218 -8.082070 4.736464 -7.370940 6.982177 0.806221 9.047170 0.194215 -8.846127 9.735634 9.223707 3.368502 5.584108 -6.210736 -7.934802 -2.062363 3.080951 -5.810519 -9.539841 -0.259399 3.485193 -6.513734 4.705516 -2.496023 3.058504 0.029831 1.641455 -3.859974 8.022664 -4.914271 -7.237715 6.136440 3.832857 1.032605 -6.666897 8.153649 -8.901053 -1.101717 -0.640966 -3.730077 -6.700893 -9.547652 9.988326 -4.914586 -2.031666 3.892847 -2.320937 8.925787 7.397991 -4.661849 3.405959 -9.014742 4.076283 -5.749123 -7.781694 -8.134855 3.443460 -4.652626 0.375793 4.814975 -6.042461 -0.836957 -0.170034 1.236309 -3.725738 -100.066294 3.441633 3.620153 3.020871 -8.865191 -1.053721 -6.526102 8.458905 -7.200506 -7.324379 -5.767834 2.391947 0.006866 0.954104 -6.961011 -1.071066 4.007788 1.957974 -6.642846 
-1.243342 -4.598104 0.267680 -5.800637 2.767781 -7.223619 -7.492722 6.004205 -9.303323 -0.374272 -0.927978 6.870867 5.512303 -4.185611 -9.295115 -4.574677 6.450261 -1.828352 -5.903391 -6.427364 2.114493 1.480237 -9.400399 -7.553626 9.625852 7.065767 4.045674 -4.890234 1.326712 6.299866 8.850475 -0.953532 -9.305744 -6.042744 6.556085 -2.932200 -9.449200 -5.129753 -4.200352 -7.068031 8.350647 0.101516 8.095626 -0.593323 -8.927620 4.510715 0.443296 -9.734607 0.685114 -5.091668 -3.724109 -4.465864 -6.113234 7.792863 -0.400117 2.030503 -3.627064 -9.323882 9.681422 8.373373 5.631341 5.319248 -7.607175 -8.251080 -1.053136 -6.582024 -2.969387 -6.013060 -6.077111 2.408850 9.677709 -2.744063 8.283357 7.275702 8.361346 -8.654711 7.861998 -0.279489 -5.266801 -9.019034 9.653965 -1.155809 -103.954534 -6.514103 -8.389982 4.566236 -0.950687 -8.411169 -3.216631 -2.493098 2.739921 -4.049729 0.939938 6.639901 3.139127 -6.479270 5.990302 -8.654538 -5.001353 3.795988 
4.641519 4.207100 -8.184591 8.250532 9.676354 -6.243657 -9.911588 6.465957 1.934007 -2.078828 -9.014893 8.881739 8.851801 -3.206000 -6.197889 6.965722 3.062202 -5.428177 5.810903 -1.234608 9.116517 -9.742762 -4.946489 7.759613 6.303685 0.482462 -4.082691 -0.299625 -0.545982 -9.119477 3.064793 8.787488 -3.881827 -0.810452 9.420059 3.623554 0.391289 2.773268 -8.850285 -1.509425 6.363218 1.720974 -8.782757 -8.189678 -8.786952 -7.648821 -2.886082 8.785643 1.382205 -7.145191 4.749061 -9.895646 4.627805 3.472222 -8.131269 9.797885 -2.751472 2.358146 -4.744541 -8.137621 4.083316 -3.732520 1.173183 -7.901228 -1.670787 8.580926 9.146801 -0.101268 2.323663 -6.711233 -1.426370 -7.728009 5.294709 -3.171170 0.971176 -7.754642 -1.802891 -2.047580 1.322613 -7.328227 -2.850124 -8.955782 2.461492 -109.503264 3.503836 0.435011 -0.625285 -5.800201 7.143356 -2.671612 -8.387197 -0.774852 -9.209429 -5.305302 -1.828741 -4.269003 -4.940541 1.163408 9.672394 -9.706139 
-1.647179 3.608924 7.062600 1.980653 5.368373 -0.434362 7.852162 5.927989 6.332349 7.948104 -8.465361 6.025323 0.502576 -4.344581 7.618636 -4.214949 -4.232651 8.513237 8.888203 6.643619 -7.538060 0.728823 4.386482 -1.859293 -7.706303 8.405695 -3.285706 2.134861 6.093932 -5.592193 7.511896 -7.058977 8.227565 -0.450442 -9.050059 -2.169253 -8.576016 9.013061 -0.261788 -0.096681 -8.870870 -3.756817 2.412944 -4.770110 -4.267236 9.076971 0.384108 -1.305351 -4.970704 8.292825 -1.765805 -1.918917 -0.740643 0.430064 4.129099 -3.114397 3.372992 4.307991 -6.546436 -1.082922 -9.078639 -4.461077 -4.067829 7.455552 9.013303 -5.181785 1.108289 6.063155 6.940229 -9.778175 7.233676 2.909911 -0.074233 5.515644 1.257422 8.259117 -6.782193 2.322497 -2.439794 3.380220 -3.998037 1.750364 -2.942357 1.358528 -109.372866 -9.037997 -9.784905 -6.405364 6.361905 -9.627579 -8.536978 7.386929 -0.542287 0.150201 -9.694116 -2.228378 8.091918 0.553834 4.351405 0.214310 
-4.948028 -1.408951 4.817754 -5.407987 -2.940325 9.993924 -2.506802 -8.989766 4.939448 6.785386 4.951676 -9.324435 2.662405 -3.473304 4.483173 0.144891 4.052242 8.626526 -7.492412 6.451179 7.926321 9.953869 -3.786362 8.062688 -8.237285 5.565581 1.270683 -4.830959 -4.857680 9.791010 1.925009 -6.130305 2.095967 -1.407426 7.738909 -5.097054 9.062491 -7.306248 7.537080 2.145223 6.062967 -5.460907 4.125526 5.656706 0.824896 6.852718 5.669413 0.797141 5.384205 -1.538478 5.407572 -6.645507 4.080093 -6.294475 7.227168 -7.596888 5.039241 6.655297 -1.722570 -4.110444 -9.454704 -6.654659 3.917942 5.435014 7.208784 -5.100366 -1.880036 1.173340 7.686724 -4.733689 1.417129 0.877964 -5.199153 -9.442370 2.091690 -1.247210 8.493748 -9.432417 -7.599756 -8.466641 -3.430612 4.270882 -3.506538 -9.778018 5.839322 105.298865 8.949938 2.579680 4.935652 4.575863 -8.900207 2.850960 7.022047 -4.339510 -9.641801 7.411699 -1.017886 9.230208 -5.506562 -8.414253 
3.917211 -7.342109 5.611854 -3.054184 -8.061331 2.408182 -6.697343 5.199168 -0.091230 -6.014426 -2.110888 5.882322 8.162729 -2.903691 0.742254 9.924695 -4.956817 9.840566 8.904779 8.848642 -0.120777 3.750195 6.190349 -3.779340 -3.312155 -2.283341 9.591849 1.071288 -1.948620 2.766737 2.827985 0.603665 -6.495980 -9.461791 9.901935 -7.985414 6.535852 3.987809 2.258123 -6.450744 -2.972735 5.891259 -9.351006 -9.989975 -3.347872 6.613602 7.739568 -7.172465 1.316428 -9.276770 -3.031555 1.043704 -6.082691 -2.409340 1.111383 7.837196 7.285382 2.697615 7.519095 -1.872707 -1.315798 -7.220531 2.988618 7.377301 0.993221 2.739483 8.978081 1.264518 7.493352 -6.306876 -9.918385 -5.378986 -5.431976 -3.990525 5.637619 1.465286 1.010723 4.494355 4.531136 -5.552305 -4.648932 -5.973304 7.124667 1.444041 -6.873944 -0.208100 106.004833 -4.436597 -0.239593 6.503132 -8.650665 -6.131318 -4.882492 -8.273107 -9.115505 9.712381 -6.532219 -2.075310 -9.715419 8.759290 
-7.501306 -4.612514 6.768110 5.066856 0.749009 -2.343183 -3.032218 -3.355123 -9.787873 -8.228780 -0.477382 2.899152 -6.817747 -1.685911 -4.063371 -9.379657 3.940411 -3.788446 7.665346 -2.835371 5.466224 0.541624 -1.174084 -0.056610 -2.952123 2.893449 -8.207071 -3.488208 2.224480 6.737227 -5.892760 -5.648452 -9.304266 1.794732 -3.136773 1.598330 7.847851 -3.169626 7.313057 -6.989069 -3.658516 -8.988465 6.931973 1.186044 6.393922 -9.774122 -1.009885 -6.366190 1.999093 1.545373 -9.891561 0.658608 7.649077 -3.738112 1.196005 -2.369947 7.443904 0.525199 -4.126753 1.343113 -3.291215 4.353596 -7.036295 8.444975 7.326188 7.525678 -1.691514 -6.666216 3.330074 -7.885768 -3.528541 0.896136 -9.769992 4.325930 2.700558 -1.484442 8.012465 5.012967 -0.401226 -5.897551 -6.513176 -0.061043 -2.228107 -5.892773 -3.172534 3.732273 2.460594 107.546547 5.527622 -8.594415 -7.474190 -5.170404 9.690765 3.432893 3.912652 3.451133 6.846877 9.452432 8.724623 5.426955 
-9.875658 6.197112 -9.498006 -4.985954 -5.212869 2.286929 3.273251 -7.600035 -9.232475 -3.171975 -7.901244 8.409677 -1.899742 -1.723776 -2.573377 3.795015 -7.621122 4.270309 7.875068 6.040295 5.687501 6.877954 2.739284 0.729218 -8.792854 7.779660 -5.268792 -1.501122 -8.216439 8.907703 3.352298 -4.423642 4.838339 -6.612278 -2.999546 2.099330 -0.508033 1.863027 -3.090930 6.457271 -1.435131 -0.004129 2.688682 -4.076483 8.017683 -9.156123 1.751756 -0.387480 9.182123 3.905687 -5.287435 -8.655251 -2.699538 -6.341402 -2.022376 -6.436246 2.655816 1.184323 5.604909 4.307019 -3.577506 5.139131 2.108180 -2.218596 5.631162 1.270225 3.640944 9.744843 -9.761831 -7.423635 9.143160 9.105875 0.852766 9.965714 -3.139394 -5.577760 6.478018 -4.334784 1.399515 2.911427 3.729021 5.801411 -5.510648 -1.765845 -4.238898 -9.295017 -5.754494 -7.649163 -102.075567 -6.576962 8.011671 4.178684 -4.593479 -3.421430 -5.111408 -6.850434 0.474562 -7.760795 -7.422351 -2.515608 
2.893566 0.265630 0.683496 -4.872876 -4.761788 -5.277211 -8.161595 -7.063826 4.522974 5.338262 1.373707 -8.805067 8.285454 5.850672 4.573651 3.826959 6.694727 -7.545621 0.585693 -1.978663 6.640297 4.736814 -9.454795 5.285120 -3.013695 3.719952 -0.166921 1.265037 -9.037140 7.349332 -5.686916 -7.500694 1.373190 -4.823776 0.635422 1.111080 -3.641854 -5.944821 -2.315789 -5.990646 7.793896 -1.650471 -9.653936 2.317951 0.628996 -0.833149 -5.337686 -7.663583 2.293830 9.865682 -8.011608 -9.867006 -8.378314 -5.480961 2.079335 5.148696 4.251895 5.935618 -2.542321 4.243748 -5.099769 -8.204533 4.928244 -3.835735 -1.867441 8.680197 0.071655 -2.303723 -3.251860 -2.271505 -3.736119 -5.055393 -0.298962 -6.237599 -6.224624 2.851179 2.071640 9.189899 -0.157944 -0.730324 5.294204 -1.542542 2.512022 -9.122126 -1.509143 9.952646 -6.363234 -1.566897 9.684722 -102.277023 -0.321957 -2.035338 8.946237 -5.763185 8.389047 -0.530092 8.921013 -4.214284 1.749668 -4.793433 
-4.980128 6.244157 3.430436 -3.079336 9.125480 -6.227514 -1.469019 -5.014093 0.943308 4.210927 -5.876569 4.085012 -4.384791 -2.883576 -4.870909 1.796986 7.520916 5.839089 -8.495930 7.023718 5.326353 8.141177 -2.554859 -8.576658 -5.822242 -9.354828 -1.795199 8.656163 0.801864 -5.045219 -6.229267 3.274228 3.378449 -2.526449 6.969659 -5.579235 -4.347799 3.882038 5.515155 4.869950 -8.581371 5.342445 7.298476 -0.187892 9.349791 -1.917396 8.389382 -8.144825 -1.660259 7.326450 -0.440518 -8.394700 -9.201378 -2.988802 -6.437648 -2.147363 -6.606724 -5.947785 5.581085 -4.661347 5.165480 -6.896860 -7.278548 8.632676 1.415176 -1.196100 -2.486556 -7.462306 0.863300 8.671090 1.346807 -2.707034 -0.973794 7.546415 -7.921446 1.619185 -8.548121 2.807925 6.068403 4.883175 -1.815736 2.362476 6.074244 3.004544 -7.544454 -4.912505 -1.283180 -1.612082 -4.343024 4.299062 104.218706 6.572890 3.248749 -6.604305 2.525674 0.213677 2.820801 -1.643153 -5.398685 -0.060668 
2.684238 2.531188 1.627871 7.497600 9.216086 -9.743875 3.109521 2.513475 0.998113 3.318915 -5.691220 -8.524671 1.162477 -4.362429 -6.264282 0.655509 -1.399063 -6.426518 0.219239 0.608536 8.826346 1.977157 -4.686756 -8.862564 3.523120 8.823000 0.167845 0.508472 8.517905 -3.407139 4.646682 9.344190 -6.661836 -6.844644 -1.548566 1.652192 -6.039518 9.232645 -0.734816 5.170530 2.037420 -0.947045 9.058911 -2.409666 -4.667225 0.920511 5.263615 -7.509199 -0.871453 -7.403038 -9.211644 4.603893 -5.840181 8.220024 -4.121652 -7.263467 3.964803 0.560170 -3.596625 5.816297 -1.706220 0.033377 4.232276 -6.313226 -3.254643 1.663596 -6.688695 1.272696 -8.515315 -3.736571 -4.196163 -7.032897 3.542295 1.461611 5.137801 -5.852837 5.468853 -4.606738 -0.717031 8.116278 6.349059 5.302665 -4.937070 6.650744 5.524091 6.995391 -7.471002 -6.537800 -7.864258 -3.911376 1.434733 -101.648273 6.681274 -4.526814 -7.666384 -7.791126 8.017825 8.909310 2.734849 5.413114 
-5.518629 -1.316717 -6.864122 -6.275148 -1.936985 1.518523 5.285677 6.457381 8.617210 -1.885065 1.636499 3.541995 1.370808 8.129035 9.455103 5.410244 3.796627 -2.491785 -5.172449 -1.946842 -5.780297 -7.618308 -3.591258 -8.998904 3.069870 -0.247238 -5.634169 9.153370 -1.441653 -8.880561 4.706084 4.914816 -9.789096 -4.080344 -8.425365 -8.095452 -9.656863 -9.892294 -0.879781 7.454205 1.383762 9.572727 -4.322084 7.905886 -5.573630 -7.467757 3.862805 -6.270842 6.568737 7.118295 -1.335347 -1.200702 -3.326486 7.539348 -1.462270 -3.966802 4.827350 7.651670 -2.537077 -8.793165 -5.738040 7.676594 -8.254184 4.813995 4.405956 7.355875 5.741010 5.644379 -5.128785 -0.836842 -0.307972 2.429669 5.389023 1.850897 3.721529 4.552711 -3.640148 -1.593506 -3.765100 -8.182062 6.852585 7.690618 -1.766684 3.521552 1.791382 2.513153 5.951518 -1.776298 -2.311786 7.676545 -8.492167 -0.814858 108.503759 -0.274256 -8.171273 2.146648 5.904650 4.932908 -2.942404 -0.904931 
-4.270354 -9.620455 1.684389 -6.327711 -0.058787 0.697309 9.140175 3.534567 -1.194628 6.714846 -4.680715 6.641390 -7.538707 -3.268459 0.024892 -9.854726 9.462062 -8.025669 -7.792489 -8.604332 -8.113742 9.146223 1.655112 3.292018 -8.532001 -3.313098 4.820649 -1.038555 3.594758 -1.220836 -6.129560 -1.953615 1.518279 -9.670631 -3.074273 1.290941 -1.244233 -5.589749 8.115851 -1.742415 7.984779 -3.950778 -9.601204 -8.316516 -8.297048 -6.924221 -8.122457 4.140395 6.329246 2.136693 -2.412845 2.884615 -7.589040 7.739657 -8.808110 -9.492898 8.599776 -8.697803 0.723425 4.185633 -3.320977 -3.785435 3.166170 3.467535 -9.998697 -4.168690 0.088206 -9.684835 4.968980 -5.538823 -1.825709 0.985151 6.927795 2.866304 3.662149 -6.703491 -7.954681 -2.175334 3.151651 -1.127399 -7.802885 8.762977 8.907514 8.480562 7.346411 -6.417142 6.184195 -1.705310 -4.029619 -7.885920 -3.720926 -9.556883 -5.519378 107.918437 7.826261 1.148607 0.219853 7.570850 -1.901041 3.759073 
3.963750 -5.592681 1.360700 7.172587 2.346993 -6.577124 -5.574041 -6.033708 9.250704 4.782769 2.227633 9.273443 0.153753 7.303327 -4.019908 -8.363536 7.685617 -1.476483 5.401042 9.391711 5.378072 7.897141 -0.800924 -0.441855 9.518711 -6.565831 9.839442 6.354950 -3.499449 5.730727 -0.201466 8.538910 6.537075 -1.830230 7.326938 -7.108731 -8.959160 4.495805 1.088445 -7.768058 -3.427359 1.262960 -9.151288 -8.558647 2.158404 -5.421554 -2.472171 -7.254945 7.452132 5.908991 3.793978 -1.250635 -0.900882 -3.253982 -5.596986 5.375748 -5.543952 -5.266917 4.904962 -4.569999 4.444001 2.440441 -2.396381 -1.383986 2.626836 5.413999 4.807867 -0.419958 9.698683 -2.652379 -5.010916 7.943061 -5.309697 -1.893593 -8.289265 -2.585583 0.018841 -4.210119 8.806542 -1.541230 -8.397629 9.894434 9.341404 6.648597 -1.539178 -1.811876 8.177161 3.611956 -3.781327 -0.819817 -7.635970 -1.304226 4.772325 1.470789 -104.344639 1.653464 2.353754 -4.485336 -4.516119 6.688919 
8.036265 -3.758013 -6.378274 -7.885990 6.387788 1.970000 -4.235232 1.294147 -0.754485 -1.389152 -7.598919 9.502528 6.785189 -7.872877 -4.006712 -7.940076 5.846304 -4.620288 -8.192120 -8.325580 -3.792028 1.697960 -4.122330 3.282662 -3.490191 -0.265672 0.711635 4.346072 -6.857591 -7.943785 -4.784919 3.925489 3.862654 1.074467 -9.802398 -8.995966 -5.474375 2.203647 -7.897287 -8.574405 8.610511 9.730307 -2.502487 -2.686586 -5.702864 -4.779770 7.518969 4.483699 -7.697716 -7.471827 6.137244 7.589790 -9.414980 -2.635744 -1.471289 -2.208544 1.658988 -8.582845 7.644867 0.147479 -1.596059 3.099792 5.695735 0.441311 -2.132496 4.996479 -4.027714 -7.655524 0.491286 3.949343 7.243701 9.151395 2.922647 -2.861034 5.204565 -0.236699 0.675494 2.528467 -9.410110 1.088531 9.506652 -8.320450 -6.517015 9.031065 -2.477615 0.118981 -4.662070 -9.262415 2.618954 9.992560 -7.231509 2.026955 1.671524 -1.308626 -3.901531 -105.861234 -0.358481 4.772087 -5.298774 2.433076 
0.588765 1.562695 0.903302 9.399380 -8.013142 9.660116 -1.482128 6.915986 -2.192228 -0.645457 -2.496716 -2.520072 -1.530258 6.517577 2.156174 -1.249620 8.358247 -0.499419 -4.670817 3.363928 1.114911 -1.720058 -7.488905 9.748499 1.920016 -0.840430 -7.665558 5.394510 -3.988483 8.234696 7.685729 -8.322289 5.685193 5.148150 -6.473827 -0.277267 -3.581815 8.263780 -4.611261 -6.369218 -0.944796 5.358592 -8.014438 -1.273024 -4.418472 6.246397 -1.309285 -9.288623 2.162860 -6.821116 0.952131 -3.364718 -6.214983 5.791779 -9.402162 0.884482 9.976327 6.255486 4.560224 -0.777644 -1.464457 -7.493947 3.675096 3.640360 3.236484 -3.595426 1.552129 1.258172 7.790203 -6.521296 -1.834334 -6.653992 -2.670096 -2.951558 -6.014186 6.812063 -1.876620 9.957124 9.866849 -6.081939 9.911630 3.678557 0.630317 -1.577374 5.988306 -3.170066 3.515638 -0.930058 3.538964 6.465205 5.450058 0.377884 8.129359 -9.730194 -7.109115 -6.699669 105.643187 -9.044073 -7.796899 -9.610581 
9.136247 4.142212 5.306134 -7.893886 0.942898 5.388045 -6.700067 -6.031885 -0.565486 -9.520260 2.069060 6.832412 -0.855845 -6.419843 3.638275 -1.706612 6.088537 -6.419334 -1.463836 5.418362 -7.167377 9.121618 6.686882 -5.108238 3.709667 -4.427865 7.524500 -7.835208 9.922136 9.061615 3.404550 8.552388 2.072702 -7.006929 -3.627150 4.198998 -3.143522 -1.665863 1.813829 -3.552424 7.517745 8.889832 5.721748 9.322184 -5.890872 -6.498016 9.947679 8.574534 7.856441 -5.326814 -6.492360 -0.156376 7.929716 1.259225 5.774610 -6.103646 3.004582 2.811697 5.193019 7.628874 -7.290389 4.321497 -8.530912 0.664515 3.577518 -2.541146 -4.316636 -0.010899 -0.220281 -7.106358 -8.582948 5.745234 -3.444059 -7.200311 2.136371 -8.390528 0.102429 -1.698385 -3.055396 -0.297158 2.307626 -6.087850 3.470783 3.572603 -2.539315 -6.160246 4.993655 8.000013 1.661575 -0.567345 9.989428 0.713154 7.255827 0.189461 9.057601 9.620912 4.004957 -109.627865 -1.674903 7.591324 
6.027957 -3.867758 8.647391 -2.556489 -8.052274 -9.281552 -5.095901 9.052701 -5.546770 -7.465125 -0.847348 0.589894 -9.628900 -8.942856 0.416612 -3.727516 5.999290 1.506060 5.070550 -9.893766 9.049173 7.717653 4.741193 -8.299824 -2.150030 1.169479 6.768733 -4.756084 -2.292514 -6.046955 -2.987672 -9.239613 -8.670994 -0.705703 -1.771801 3.684251 -0.561085 9.136471 -7.010992 1.031401 -8.340446 -8.892802 9.697391 -3.843647 4.035399 4.466812 -7.898829 -3.640011 1.393704 3.419135 6.767687 -1.646236 1.578180 -2.550483 -7.070331 -7.204638 -8.194140 -9.685127 6.268186 -6.325891 -0.176351 7.911573 -8.680020 0.836833 -5.304013 -5.083455 -2.986580 -1.077270 -0.384566 -3.144262 -4.275134 6.895643 -1.005854 1.085907 -7.240847 7.861173 1.755333 5.277784 1.380071 -9.470163 -2.244857 -4.201196 0.616426 0.525223 -2.872190 -6.653300 8.062859 2.540036 9.455657 6.472421 6.321369 -6.347848 6.939414 2.914773 2.858729 -4.668688 -3.711694 -8.956096 -107.356133 4.753869 
2.616189 2.098758 0.755878 -7.753600 -8.623874 9.381042 6.786987 7.962244 1.503219 -4.703158 0.758514 -3.474128 3.578350 -4.983591 -5.206122 7.590631 3.379664 -5.699764 3.743099 1.610276 -0.492441 -0.590125 -6.832513 -7.972551 -4.810605 9.996836 -5.586519 -9.348132 0.847029 4.951407 4.669169 -6.019890 5.863904 0.995483 7.234537 4.974823 -7.570682 6.280398 5.028295 9.750879 -0.866267 -0.312509 -6.983170 -7.276025 -5.067324 -1.914340 -3.309770 -5.512427 6.281607 1.516434 -4.475115 1.509500 -0.731205 2.638449 -5.648780 0.773959 -6.529085 7.649801 -1.837362 4.618279 2.895811 3.780511 9.725062 -4.768400 9.012450 9.804809 -9.578878 -1.619076 3.457115 4.881540 -7.990624 -4.415846 2.650333 7.682770 7.057354 6.940430 -4.612777 -8.439818 4.751083 -9.493938 5.009590 -5.280943 3.774092 -0.194943 -2.710029 8.859866 4.434281 -8.183587 6.068858 2.932740 -6.581371 0.404896 7.397256 -1.000035 -1.448208 5.678071 0.628468 8.149370 -2.855855 104.675113 
