-45.953848
212.869735
-177.932421
372.944524
356.680559
367.172082
303.582109
-200.432691
-295.859301
191.283005
288.766212
287.898469
124.996279
2.359282
-358.160496
-66.724116
-334.675630
-327.430786
224.518839
239.641942
-232.621230
123.256703
-75.205618
131.825427
-22.925343
-282.192370
-117.934064
140.623033
-262.900828
-120.243770
-343.245615
291.233700
-199.190716
-266.521470
-389.406981
-389.816465
202.992851
-312.357851
170.671032
247.405027
366.234402
-224.727179
504.392104
402.437079
362.628478
11.750438
-209.771734
282.765388
-193.070170
486.620639
-562.983844
-8.812660
191.528720
-174.278548
-398.343673
2.442518
404.011614
375.212357
139.741500
247.051684
394.179323
-147.604462
222.727979
438.003235
-108.573691
-379.402418
-361.859934
375.239012
-412.708721
278.928866
-410.954368
-254.652392
121.923272
-94.073053
-275.393400
368.262507
313.575598
-76.715968
-161.259551
340.929202
-318.632928
-423.783840
-485.763818
-443.972655
-198.170470
376.932095
237.640693
169.753059
-383.558806
-374.911160
203.907415
-265.232997
286.095494
8.926307
-92.803062
-447.808528
286.583512
-38.708026
-494.580557
371.730279
