-104.973198 -0.094547 -0.032425 0.068407 -0.058748 0.061156 -0.047037 0.089344 0.051002 -0.027540 -0.053665 -0.082489 -0.011259 -0.013315 -0.020265 0.050598 0.086436 0.007089 -0.089892 -0.051203 -0.090693 -0.055878 -0.000865 -0.022698 0.080998 -0.019898 -0.009744 -0.028428 -0.079188 -0.090032 0.083773 -0.000573 -0.016742 0.014172 -0.020218 0.025866 -0.081518 -0.056712 0.016323 -0.085851 0.077292 0.036184 0.022023 0.039531 0.092922 -0.093264 -0.087483 0.024529 -0.007003 -0.008355 -0.046796 0.086998 0.022244 -0.016843 0.010779 -0.031909 -0.070754 0.005433 -0.075838 -0.092205 -0.034605 0.065755 -0.026524 -0.087767 0.071152 -0.068771 -0.033794 -0.018413 0.033383 -0.044182 -0.079866 -0.079412 0.056382 0.061049 -0.062350 0.067756 -0.005966 0.029042 0.006228 0.036793 -0.066506 -0.039377 0.050673 0.023115 0.077573 0.081839 -0.072226 -0.074266 -0.050075 0.027630 0.057691 0.022170 -0.015086 0.007463 -0.062154 0.054590 0.020581 0.006655 -0.087285 0.044984 
6.195982 104.562162 0.060515 -0.058436 0.037237 -0.057390 0.074945 -0.047248 -0.027401 0.085975 0.004449 0.033080 0.030247 0.014626 -0.017401 -0.081713 -0.078389 -0.078371 -0.009895 -0.091957 0.097529 0.085516 -0.012280 -0.082319 0.089026 -0.034632 0.011292 -0.035042 0.058216 0.083292 -0.032264 -0.010424 -0.006606 -0.007240 -0.042367 0.027071 -0.056086 -0.073120 -0.086776 0.085999 -0.007322 -0.069194 0.052666 0.038255 0.065485 0.001661 -0.090284 0.088777 0.008738 -0.067080 -0.074685 -0.091011 -0.082469 0.003345 -0.022400 0.059926 0.031742 0.078789 0.072523 -0.056303 0.020433 -0.077421 0.089722 -0.055302 0.082213 0.059485 -0.073542 -0.085949 0.056511 0.021057 0.026122 0.056371 0.079714 0.029938 0.081212 0.052384 -0.091733 0.093626 -0.092002 0.081609 0.043355 -0.021414 -0.065867 -0.040661 -0.034794 -0.067762 0.079843 -0.007368 -0.067750 0.048518 0.009293 -0.075996 0.027755 -0.061825 -0.046192 0.012135 -0.013975 -0.010027 0.034773 -0.085355 
-6.027333 -1.082102 -108.495695 0.085788 -0.017849 0.025397 0.054481 -0.044724 -0.002899 0.079013 0.023889 -0.020673 -0.038284 -0.061534 0.045652 0.067642 -0.073614 0.055960 0.042135 -0.034747 -0.051759 0.065565 -0.067934 -0.067512 0.029564 0.042511 0.000073 0.001186 -0.079656 -0.025209 -0.049273 -0.047052 -0.074344 0.022443 -0.056256 -0.014814 -0.056584 0.061738 -0.038672 0.095186 -0.053820 -0.002776 -0.036560 -0.093977 -0.070380 -0.068540 0.069657 -0.020199 -0.077918 0.006842 -0.020626 0.013811 0.068576 0.059127 -0.032407 0.087774 0.062609 -0.045566 -0.046831 0.017001 -0.039724 -0.093656 0.074834 0.076770 -0.076846 0.089932 0.078146 -0.007924 -0.008831 -0.008579 -0.029985 0.060224 0.062741 0.025350 -0.009753 0.053011 -0.085311 -0.005223 -0.006109 -0.061258 -0.052253 0.015267 -0.006804 -0.045959 -0.057958 0.001542 -0.015143 0.091402 -0.086788 0.087266 0.013451 -0.014988 -0.014238 0.002764 0.006167 0.063889 -0.056352 -0.027366 -0.020716 -0.023369 
-5.406499 -6.816378 8.147454 101.253850 -0.032957 0.049179 0.045944 -0.019786 0.092434 -0.007508 -0.027982 0.050260 0.094684 -0.019063 0.008797 -0.015228 0.084719 -0.099265 0.079943 -0.050727 0.087867 0.038066 -0.064546 0.085063 -0.008591 -0.100974 -0.023667 0.025529 0.071306 0.078030 0.057774 -0.059798 -0.056164 -0.036632 -0.080077 0.080450 -0.100115 -0.098659 -0.029148 0.084529 0.090939 -0.051867 -0.063197 -0.014468 0.066875 -0.030502 0.074985 0.064613 0.012919 -0.091813 0.083108 -0.066427 0.048228 -0.022233 0.074572 0.000506 0.033477 0.034381 -0.001070 0.031198 -0.001019 0.017450 0.096630 -0.062934 0.071225 -0.018594 -0.093931 -0.017686 0.011202 -0.026357 0.026637 -0.071020 -0.068944 -0.034235 -0.055504 -0.058025 0.000943 -0.008552 -0.066457 0.056854 0.098619 0.033617 -0.027396 -0.034654 0.064285 -0.050425 -0.039922 0.078449 0.047913 0.079556 -0.095822 -0.010049 0.086386 0.085112 -0.084607 -0.015115 0.100343 -0.048786 0.060616 0.001705 
6.814308 3.772313 -2.977818 5.586805 106.434092 0.045804 -0.041031 0.080717 -0.055842 -0.026955 -0.014385 -0.080053 -0.069480 0.067536 -0.013095 0.084395 -0.081438 0.044990 0.001031 -0.047588 -0.088532 -0.062626 0.093698 0.034530 -0.047741 -0.038213 -0.012531 0.094944 -0.040924 0.055945 -0.024976 0.072407 0.064660 0.086134 0.095188 -0.025210 0.073694 0.076454 -0.091332 0.079835 -0.076059 0.023405 -0.005694 -0.044640 0.074907 0.097772 0.017350 -0.001626 0.015366 -0.005950 -0.076867 0.034030 0.076161 -0.040159 -0.072402 0.037460 0.073945 -0.067888 -0.057708 0.094994 -0.058102 -0.093620 0.027242 -0.046981 -0.032916 0.049058 0.025525 0.066510 0.058524 -0.043281 -0.067692 0.030260 -0.091177 0.028336 0.034845 0.028926 -0.037895 -0.009910 0.087383 -0.027829 0.034847 -0.061117 -0.087018 -0.080837 0.022640 0.020248 -0.016375 0.081586 -0.021563 0.048533 0.052836 0.011882 0.001525 0.009858 -0.009402 -0.054672 -0.099091 0.093485 -0.042405 0.022082 
-7.395318 -8.174509 7.855031 -3.486851 -5.959690 105.499484 -0.028683 0.027998 -0.035486 -0.084668 -0.051881 0.055693 -0.011573 0.064786 -0.037397 -0.087488 0.080577 -0.080434 0.058623 -0.081344 0.097288 -0.077037 0.017744 0.088484 -0.077980 -0.103922 -0.077478 -0.074007 -0.047956 0.005866 0.059493 0.078831 0.079312 0.039649 0.089696 -0.055470 0.084697 0.068121 -0.030960 0.089000 -0.045335 -0.076339 -0.023107 0.061899 -0.033106 0.024798 0.046788 -0.016787 -0.039648 0.037494 -0.102039 0.056704 0.065112 0.056963 -0.019704 0.043945 0.089725 0.057833 0.027971 -0.012267 0.034219 0.025817 -0.005606 0.036521 -0.017627 -0.049521 -0.078506 -0.008747 -0.023838 0.007626 0.073247 -0.045705 -0.044907 0.098218 -0.016848 -0.055897 0.049310 -0.022995 -0.084875 0.041486 0.019597 -0.073400 0.084808 -0.079897 -0.047879 -0.018566 0.054230 0.085343 0.075804 0.004657 0.061697 -0.044162 0.078958 0.093644 0.061066 -0.079382 -0.057875 0.060995 0.026968 0.077381 
-4.605409 -2.413073 -6.580636 7.332662 3.939098 8.960804 108.654537 -0.017949 0.078951 0.028594 0.062157 -0.032688 -0.015219 0.066025 0.050933 0.009943 -0.009991 -0.069152 0.016937 -0.080182 -0.057870 0.072072 0.020528 -0.099782 0.078288 0.037401 0.025215 0.007216 0.047658 -0.034352 0.017944 0.071534 -0.013758 0.042617 0.019764 -0.080000 -0.033110 0.044013 -0.014075 0.022360 0.021693 0.050765 -0.015061 -0.054433 0.026454 -0.089960 -0.035752 0.078394 0.015547 0.012724 0.014941 -0.077241 0.013933 -0.032441 -0.063199 -0.024229 -0.070094 0.086341 0.066165 -0.093674 -0.082310 -0.080331 -0.016702 -0.025663 -0.031593 0.011498 0.075609 -0.015223 0.011683 -0.015617 -0.072916 0.099074 -0.058741 -0.059706 0.060244 -0.046695 0.031639 -0.031208 -0.059948 0.047746 -0.008506 -0.033213 0.059756 -0.006965 -0.012364 0.002856 0.000107 -0.004434 0.016635 0.001446 -0.008367 -0.084344 -0.038952 -0.027478 -0.060951 0.001806 0.039490 0.081203 0.075985 0.081999 
4.741898 1.516360 -9.625741 8.609594 -3.585254 6.967141 6.853217 -104.334093 0.044444 -0.045224 -0.081636 -0.010951 0.087120 0.034783 -0.014313 0.080352 -0.046432 -0.043091 0.078082 -0.031690 -0.013868 -0.012479 0.009778 0.048190 0.067893 -0.110575 -0.001458 -0.065520 -0.007054 -0.070501 0.055879 0.041225 -0.056852 -0.097751 0.027280 0.079773 0.027494 0.049916 -0.042661 -0.025447 0.089281 0.039547 -0.069057 0.009299 0.095588 -0.002682 -0.017744 0.105463 0.071459 -0.006232 0.031944 -0.093088 -0.071656 0.079913 -0.053970 0.078280 -0.101872 0.097362 0.088288 -0.083188 -0.054562 -0.035078 -0.005109 -0.004649 -0.030098 0.070614 0.027523 -0.082668 0.072023 -0.040386 -0.088691 -0.083618 0.028974 0.046245 0.001873 -0.083038 0.045617 -0.017688 0.010908 -0.013232 0.087169 -0.094358 -0.068839 0.007602 0.006323 -0.070044 0.063160 -0.048908 0.043347 0.044605 0.045132 -0.076508 0.061020 0.035522 -0.065022 -0.100549 -0.013275 0.000456 0.013018 0.095145 
-3.191808 0.205235 3.971619 -9.171790 -8.602732 0.813081 6.980931 -0.029100 -109.024202 -0.012224 0.001160 0.078796 0.030835 0.052412 -0.020985 -0.048590 -0.093759 -0.036503 -0.008238 -0.088166 -0.080478 -0.054527 0.039576 -0.056492 -0.063575 0.080187 0.011499 0.044033 0.079399 -0.098726 -0.027870 -0.067218 0.049299 0.030548 -0.086801 0.004939 0.078879 0.058236 -0.061586 0.071039 -0.049714 0.038453 -0.081621 0.080144 -0.004680 0.000845 -0.031140 -0.037228 0.075856 -0.076851 0.029799 -0.056991 0.003884 -0.070666 0.051385 0.003014 -0.045650 -0.034724 -0.073022 -0.091741 0.030297 0.014187 0.058864 0.006393 0.028733 -0.018513 0.104644 -0.005180 0.056257 0.030211 0.035621 -0.042218 -0.008278 -0.075324 -0.010664 0.011011 -0.052020 0.034387 -0.054627 0.020562 0.031979 0.009852 0.097537 0.037478 0.059364 0.084736 -0.014221 0.000441 0.058758 -0.015117 0.042552 -0.018907 -0.030191 -0.092437 -0.039369 -0.006295 0.060831 0.092101 0.052757 -0.058941 
-6.364615 8.060197 -1.172771 10.258823 4.391597 -4.501296 -1.068437 -0.671070 8.779080 100.241339 -0.081623 -0.027966 0.012264 -0.035860 -0.042480 0.027753 -0.020058 -0.014645 0.046685 0.070917 -0.067959 -0.055461 -0.068099 0.043101 0.057362 -0.032141 -0.057583 -0.028523 -0.046559 -0.093812 -0.083329 0.094577 0.057522 -0.080576 -0.035322 -0.006809 0.025861 0.041047 0.006409 -0.033050 0.068412 -0.045615 -0.002178 -0.023147 -0.095703 0.072497 -0.070513 -0.030945 -0.022370 -0.076064 -0.016452 0.109607 0.007490 0.015868 -0.092602 -0.078133 0.091649 0.043457 -0.008113 0.037613 -0.063658 -0.058916 0.061464 -0.016090 0.061454 0.024645 0.099580 0.099943 -0.017537 -0.053526 -0.032817 0.019911 -0.056336 0.023777 -0.032196 -0.082983 -0.037810 -0.038671 -0.081645 0.053000 -0.056320 0.082521 0.080315 -0.091048 0.065741 0.051249 -0.011618 -0.005256 0.069102 0.059708 0.060327 -0.010107 -0.025200 -0.020582 -0.036283 -0.072591 0.046229 -0.072547 0.056916 0.014244 
2.570846 -7.067636 -8.058101 -0.054571 4.189248 -0.607836 9.425317 -2.672693 4.527081 -7.421236 106.123663 0.062853 0.012406 0.055404 -0.091465 -0.070249 -0.048100 0.034482 -0.018334 0.023261 0.068869 0.059447 0.019186 -0.077778 -0.056078 -0.027508 -0.013560 -0.096665 0.063774 -0.029904 -0.030251 -0.008740 0.002824 0.032883 -0.096294 0.072798 -0.087205 -0.084025 -0.030753 0.037468 0.046926 0.000530 0.017268 -0.048749 -0.079763 0.041744 -0.056472 0.085189 -0.098951 0.085803 -0.053316 0.093214 -0.011728 0.014646 0.029448 -0.030584 -0.012363 0.011157 -0.027872 -0.011369 0.060820 0.001073 0.074994 0.028256 0.020077 -0.066394 -0.033516 -0.017055 0.063400 -0.042482 -0.050136 0.084298 0.085770 0.003316 0.059951 0.086235 -0.067114 -0.063449 -0.003660 -0.020521 -0.016678 0.090674 0.008975 0.020535 0.080094 -0.014460 0.067622 -0.000403 0.050875 0.008947 -0.076012 -0.032327 0.072571 -0.043625 0.076511 0.070496 0.060368 -0.046089 -0.072680 -0.097026 
8.787322 -6.679008 5.543517 2.714441 5.175764 5.620495 -0.387265 -8.224236 -6.229008 8.012333 0.334767 102.660860 0.068000 -0.031469 0.003518 0.005055 0.025345 -0.089773 0.060909 -0.031723 0.028876 -0.070338 0.014009 -0.090967 0.012590 0.055906 -0.047760 -0.071128 -0.035569 0.096402 0.062411 0.037110 -0.006629 0.002319 -0.020257 0.055257 0.009002 -0.010855 -0.062345 0.053451 -0.045881 0.062122 0.028027 0.071148 0.022848 -0.097182 -0.098119 0.084044 -0.005961 -0.000371 0.085970 -0.005731 -0.007533 0.000526 0.073917 -0.035669 -0.080196 -0.062585 0.022595 -0.008870 0.030960 -0.078397 0.020828 -0.075645 0.075281 -0.059152 0.047702 0.067447 0.005463 -0.081626 0.001381 0.007513 0.018200 -0.055108 0.040639 0.064210 0.081538 0.028903 -0.031485 0.049374 0.021659 0.053076 0.037947 -0.028148 -0.103667 -0.090307 0.110446 -0.027480 0.009071 -0.069200 -0.102859 -0.018972 0.064427 0.045868 0.058064 0.061058 0.027431 -0.068945 -0.058419 -0.069519 
-3.825910 7.614781 -4.928827 0.829274 5.214978 -4.517822 -9.021050 -7.649543 -6.435466 -0.704107 2.872745 -4.882602 101.361853 0.049300 -0.037139 -0.047299 0.087659 0.040225 -0.022982 -0.065692 0.022272 -0.053673 -0.063297 -0.043162 -0.016276 -0.031656 -0.091464 0.019245 0.029896 -0.028584 0.097630 0.046502 0.084332 -0.000195 0.043245 -0.076074 0.026490 0.023512 0.060068 -0.025632 0.076934 -0.035052 0.037623 -0.047770 -0.059488 0.002768 -0.055720 0.009888 -0.089631 0.029579 -0.019535 0.000502 -0.079131 0.043858 0.039493 0.030818 -0.046561 -0.029782 0.031321 0.066039 -0.063584 -0.005126 -0.029695 -0.018637 -0.104561 -0.065157 0.016052 0.083447 -0.081549 0.028063 0.061668 0.015391 -0.060285 -0.043110 -0.092551 -0.097284 0.016470 -0.042336 0.034751 0.022993 0.089583 -0.035298 -0.068977 0.100453 0.056000 -0.061483 -0.064976 -0.054790 -0.014035 -0.075462 0.060960 0.077483 0.059767 0.045666 0.057930 -0.000063 0.041405 -0.022252 0.063138 -0.063032 
-5.738336 2.244954 -2.515525 -8.333868 2.255490 3.224443 6.767932 -9.322642 0.492514 4.540644 -10.365090 -1.296963 -2.888388 102.460383 -0.000601 0.070548 -0.027891 -0.026285 -0.055002 0.044518 -0.065068 0.033744 -0.059797 0.044404 -0.061996 0.074571 0.030034 -0.106006 -0.066583 -0.060385 0.033624 -0.102488 0.078262 0.015490 -0.066200 0.090329 -0.094119 0.009906 0.065745 -0.078367 -0.019122 0.002320 -0.009522 0.063294 -0.015733 -0.101431 0.084252 0.060029 -0.087593 -0.033530 0.101108 -0.043871 0.065000 -0.071558 -0.015169 0.033372 -0.035878 0.050036 0.054400 -0.000849 -0.075073 -0.087132 -0.035143 0.086030 -0.019611 -0.097869 -0.002520 -0.093861 0.015268 0.029638 0.016303 0.046526 -0.055599 0.093260 -0.007438 -0.014950 -0.087035 -0.035961 -0.029082 -0.080663 -0.040729 -0.085875 0.049092 0.027038 -0.080620 0.078488 -0.062728 0.042761 0.006766 0.018298 -0.087012 0.022922 0.067490 0.016367 -0.050461 -0.015797 -0.056548 -0.019393 0.067703 -0.056927 
8.657781 3.697642 -3.623562 -6.204645 -5.628571 -7.262509 4.775069 -8.467358 -5.042759 7.746346 5.649690 8.004645 -1.057294 -2.928158 -107.322866 0.033622 -0.021823 -0.046968 -0.016753 0.066731 0.011843 -0.082275 0.031805 -0.009221 -0.037606 -0.060075 0.052327 -0.057295 0.021345 -0.014395 -0.083580 -0.068313 0.014884 0.000238 0.056682 -0.000675 0.043006 0.020006 0.095696 0.068609 -0.080953 0.099342 0.090053 -0.083448 -0.019867 -0.027146 -0.064952 -0.010109 -0.076116 -0.063509 -0.088392 -0.069721 -0.047043 -0.009310 0.025473 0.063736 -0.087827 -0.075042 -0.080711 -0.031272 -0.047519 0.077199 -0.080740 -0.068863 0.081860 -0.082954 0.083568 -0.042740 -0.059845 0.071881 0.079900 0.103518 -0.032785 0.053157 0.071742 0.092421 -0.063710 0.025261 0.020151 0.105002 -0.043555 0.018502 0.047267 0.069606 0.092064 0.054615 0.014851 -0.088157 0.076105 0.028259 -0.090120 -0.007204 0.055073 -0.016937 0.052158 0.113342 0.097497 -0.029718 0.002183 -0.035353 
0.349633 -9.413773 2.708208 1.321176 8.460651 7.093375 6.330400 -0.882405 9.091696 1.309847 9.461463 2.051005 -3.959635 7.111168 -6.656174 -102.907781 -0.004194 0.023253 -0.077622 0.050424 -0.073803 -0.079550 0.033961 -0.085667 -0.013932 0.069503 -0.033390 0.078142 -0.047776 -0.026625 -0.022940 0.069959 -0.051206 0.044836 -0.058248 -0.091224 0.054293 -0.022427 -0.004850 0.099604 -0.056515 0.087057 -0.107709 -0.031644 -0.047742 0.010649 0.103649 0.091596 -0.033821 -0.081828 -0.048361 -0.041482 -0.052934 -0.007290 0.077323 0.059118 -0.011208 -0.093433 0.038599 -0.022399 -0.005174 0.033060 -0.063164 -0.063288 -0.026233 0.061614 0.050985 0.077605 -0.068020 0.018565 0.014075 0.002407 -0.020761 -0.036845 -0.086421 -0.074031 0.084889 0.019506 -0.011434 0.045963 -0.077854 -0.083721 -0.007045 0.029801 0.067953 -0.069515 -0.004993 -0.014952 0.028153 -0.022801 0.028296 -0.016144 -0.037362 -0.001772 -0.013559 0.015525 0.088725 -0.021176 0.092590 0.004458 
7.970088 7.654854 -0.946872 -3.759682 -6.141531 1.167237 8.564276 -9.195867 -0.399692 -9.939778 -9.463863 3.146113 0.913075 -6.844841 -10.680817 7.811115 -106.627116 0.064146 0.047377 -0.118985 -0.042210 0.096906 -0.040416 0.024499 0.088095 0.075203 -0.001181 0.104400 0.038087 0.074681 -0.067059 -0.041421 -0.051059 -0.064505 -0.027216 -0.108296 -0.023861 0.047444 -0.044398 0.053165 0.070715 0.017544 0.023419 0.031165 0.031526 -0.076344 0.007162 -0.017928 -0.039937 0.062322 0.059664 -0.100841 0.042311 0.067689 -0.038416 -0.046371 0.017628 0.049190 0.011171 0.025728 -0.060876 0.051367 -0.026663 -0.010447 -0.022019 0.031870 0.002823 -0.001437 0.017977 0.018702 -0.047947 -0.065245 0.025822 -0.012210 0.012000 0.047266 0.032341 -0.048338 0.068984 -0.076895 0.021757 -0.037314 0.076735 0.057217 0.060701 -0.044246 -0.092112 0.021691 0.012329 -0.081399 -0.052824 -0.002957 -0.005628 -0.081347 -0.027488 0.088861 -0.062073 -0.077188 0.083476 -0.071650 
5.069027 4.113455 -2.722390 0.000834 -1.644160 10.054349 -0.971091 0.421713 -9.783239 7.729563 3.861416 7.389959 4.103147 -2.661291 -2.593917 1.103877 0.182123 -104.483565 -0.011270 -0.016078 0.024985 -0.021922 0.055634 0.028689 -0.052998 0.023957 -0.057383 0.035446 -0.025653 -0.004674 0.092647 0.042066 0.044501 -0.049975 0.066074 0.029284 -0.096797 0.037874 0.007171 0.081657 0.080578 0.055781 0.068691 -0.052369 0.009764 -0.000115 -0.111821 -0.014058 0.000294 -0.024292 -0.094294 0.104033 0.082325 0.064897 0.019346 -0.094736 0.084588 0.033118 -0.022702 0.018351 0.060640 0.004198 -0.090782 -0.079301 0.032262 -0.070989 -0.017972 0.047190 0.023016 0.038310 0.091308 0.088941 0.067379 0.001895 -0.071466 -0.046669 0.077513 0.015889 -0.000564 -0.061399 0.032300 0.063964 -0.052392 -0.026561 -0.074078 0.071640 0.012293 0.015075 0.032839 0.001343 -0.064355 0.063297 -0.048963 0.053113 -0.073700 -0.056731 -0.040795 -0.041077 0.086853 -0.039863 
4.227281 -2.405394 -4.880207 -7.673575 -3.020149 -2.686381 6.482442 -6.525374 -3.875881 -8.553352 7.504383 6.450257 -7.118692 -1.804004 -3.665971 -6.315512 -3.986482 -8.186303 105.517724 -0.089105 0.072761 0.064006 -0.013042 -0.037167 -0.079614 -0.094154 -0.110398 0.097021 0.049776 -0.046140 0.008912 0.002410 0.000448 -0.007180 -0.028647 -0.052701 -0.010452 0.006642 -0.015702 -0.039048 -0.030080 -0.015166 -0.001713 0.068992 0.037840 0.086125 -0.036948 -0.001574 0.014202 -0.088700 0.049805 -0.026680 -0.063093 0.074736 -0.076737 -0.022387 0.015873 0.071133 -0.084876 0.105141 -0.052012 0.028797 0.010278 0.080126 0.070745 0.093559 0.084265 -0.076171 0.016042 0.013612 0.071728 -0.002469 0.045740 0.036295 -0.028745 -0.080834 0.057000 -0.036030 0.015345 0.045760 -0.072077 -0.057603 0.068244 -0.001431 0.091246 0.015828 0.025604 -0.043201 -0.032425 0.101977 0.012942 -0.004307 0.081334 0.070606 -0.105470 0.033677 -0.063803 -0.073827 0.119366 -0.020115 
9.211250 1.102375 7.024044 4.264799 -4.375869 -10.449290 -10.454665 -4.909397 0.271834 -9.623778 -4.187852 2.166735 2.309703 -5.937931 5.705608 -1.737410 6.508902 -1.919381 5.416525 103.365766 0.070398 0.016661 -0.057147 0.044442 -0.096704 0.074519 0.022153 -0.096547 0.075193 0.068487 -0.090662 0.018105 0.017600 0.037140 0.097327 -0.073001 0.061239 -0.014694 0.030379 -0.041470 0.092368 -0.087601 -0.003582 -0.089676 -0.066909 0.039836 0.053035 -0.074268 0.024398 0.081215 -0.026489 -0.063471 0.003771 -0.070505 -0.101027 -0.055975 -0.021491 -0.040246 0.093239 0.076908 0.023597 -0.076903 0.063561 0.030581 -0.100595 -0.051722 -0.086481 0.105446 -0.086829 0.017563 -0.040388 -0.064803 0.011388 0.084751 0.008855 0.013841 0.068016 0.053359 0.072881 -0.029392 -0.025838 0.069698 0.063795 -0.094559 -0.095705 -0.028645 -0.075951 -0.012580 0.041172 -0.007217 0.082478 0.069434 -0.047386 -0.035823 0.085340 0.030753 -0.090621 0.105171 -0.038705 0.111121 
-0.331417 6.579031 -0.069067 -1.472505 -8.281331 8.422882 2.747012 0.361511 8.237777 -7.420059 -2.689745 1.929154 6.026457 -1.829412 5.478410 -2.896225 4.003184 -0.235412 0.027737 -1.397793 -106.566445 -0.061275 -0.027284 -0.097333 -0.058853 0.035296 0.017732 0.021685 0.069669 0.023672 0.025861 -0.055892 -0.024950 0.015309 -0.048833 0.022209 -0.033863 -0.052593 -0.075743 0.107623 -0.007335 0.075843 0.088494 -0.005429 -0.079973 -0.087338 0.069343 -0.021914 -0.023904 0.043592 -0.045707 -0.066100 -0.014487 0.047433 0.048815 -0.067287 0.042764 0.071021 -0.000578 0.049920 -0.042348 0.064319 0.017107 -0.040986 0.085037 0.036427 0.041087 0.062227 -0.065937 0.105975 0.091411 0.063848 -0.001427 -0.012035 -0.079878 -0.071013 -0.084381 0.033276 -0.072602 0.048366 -0.076978 0.031626 0.059861 -0.031275 0.027844 -0.008006 0.024821 0.032775 0.014863 -0.081598 0.002515 0.039564 0.021896 -0.058304 -0.065243 0.096031 -0.044799 0.038850 0.026930 -0.065670 
-4.734956 6.148146 2.673065 -2.493918 3.777094 5.601534 -4.416285 9.614577 -8.249794 -4.235624 4.205492 9.040210 -0.127088 8.653308 1.777548 5.078991 -0.811984 8.225218 -5.324247 6.037183 -3.769289 103.113457 -0.073158 -0.026477 0.097585 -0.037910 -0.066287 0.062188 0.070765 -0.013918 -0.033368 -0.038097 -0.063597 -0.005152 -0.077893 0.073031 -0.056946 -0.028727 0.035972 0.048468 0.089192 -0.079429 0.066216 0.032643 -0.061466 -0.069935 -0.022279 -0.049773 0.013481 -0.085729 0.077647 -0.088856 -0.098414 -0.003303 0.049138 -0.088578 -0.020973 -0.085633 -0.111367 0.095691 -0.064328 0.034864 -0.036837 0.065727 0.024574 -0.038743 -0.023314 -0.060482 0.063388 0.079076 0.020895 -0.040263 -0.080364 -0.039579 -0.036388 -0.103892 0.045816 -0.089578 -0.008211 0.044251 0.025350 -0.040463 0.109592 -0.047800 0.103154 -0.061317 -0.097190 -0.053292 0.048221 0.085488 0.020181 -0.055172 -0.082388 -0.057422 -0.024273 -0.071980 0.111395 -0.006553 -0.074321 0.096482 
-2.046712 0.108342 7.878390 6.993376 -5.371035 -2.248169 6.798612 7.978372 -7.731072 0.024456 2.624470 4.553602 -10.120451 2.856490 7.240230 -10.145373 8.874226 -3.963891 3.448112 -5.612636 -2.255903 -6.474081 -102.178715 -0.072452 0.002117 -0.084063 0.065308 -0.103931 -0.045323 0.055744 -0.043632 0.034128 -0.032119 0.069457 -0.044894 -0.062067 0.010018 0.025741 0.005715 -0.049702 -0.030322 -0.054986 -0.030367 -0.031561 -0.031113 -0.076308 0.078089 0.072861 -0.054367 0.079053 -0.012429 -0.026332 0.107781 -0.001642 -0.084638 -0.044637 -0.013744 0.060203 -0.068632 -0.115619 0.005919 -0.017555 0.104607 -0.037297 -0.013632 0.039708 0.032981 0.040744 0.056622 0.015220 -0.049287 -0.040195 -0.018782 -0.068275 0.040891 0.063746 0.063811 -0.064304 -0.078078 -0.082823 0.037352 -0.047204 -0.075740 0.030554 -0.039550 0.079224 -0.020521 -0.024902 0.078843 0.038072 -0.039238 0.037475 -0.008262 -0.084768 -0.101390 0.028003 -0.020483 0.023428 0.087569 0.004090 
-5.261565 8.595668 -5.322919 5.860556 4.650322 9.970965 0.538411 1.775811 7.870130 -3.365023 2.464067 3.825336 -5.049192 4.099452 -3.970697 3.492996 9.217410 -7.323857 1.071978 -5.881295 5.858186 1.631453 -6.505176 108.366435 0.001383 -0.033307 -0.064685 0.042481 -0.086626 -0.078505 -0.020516 -0.048470 0.017438 0.038079 0.072567 0.043773 -0.026418 -0.005330 0.053196 -0.067371 0.020633 0.042739 0.095889 -0.055443 -0.055382 0.013783 -0.097605 -0.085403 -0.082934 -0.028588 0.061759 0.076425 0.094609 0.035403 -0.075798 -0.055668 -0.028413 -0.075384 0.058237 -0.082893 0.005222 0.045645 0.019274 -0.047937 -0.034870 -0.079707 0.045899 0.078385 -0.066828 -0.056240 0.011156 -0.022312 0.050660 -0.007284 -0.001444 -0.057743 -0.001292 -0.074812 0.011467 -0.070148 -0.044254 0.021042 -0.110830 -0.079703 -0.062069 0.026104 -0.027645 -0.112890 -0.056529 0.057538 0.067600 -0.013201 0.048638 0.002452 0.095722 -0.070502 -0.081823 0.061629 0.005970 0.036552 
5.549716 5.158261 -8.726308 7.087219 -4.196852 -6.813900 -7.659230 -1.478960 -5.292312 -1.462557 6.245574 -5.153579 -4.710979 -7.199406 5.231207 -2.177769 -1.819168 -8.426496 -7.537914 -12.440415 6.675188 -8.402991 0.372591 -4.829003 99.549468 0.085622 -0.026675 -0.035316 -0.020661 0.008013 -0.063020 0.005027 0.078688 -0.035931 -0.023351 -0.067590 -0.028408 0.120155 0.014178 0.055586 -0.026225 0.067364 -0.037104 -0.003857 -0.105237 -0.025201 0.056565 0.063841 -0.101022 -0.058927 -0.051830 0.054751 -0.018058 0.047380 -0.012142 -0.085989 0.007146 -0.015465 -0.043790 -0.009743 -0.070807 0.012829 -0.006720 0.100909 -0.084010 -0.073463 -0.068778 0.015468 0.058831 0.076518 0.020277 -0.054990 0.007486 -0.087825 -0.003757 -0.093104 0.004233 0.017448 -0.036027 -0.051548 -0.090262 -0.007157 -0.073887 0.044947 -0.132203 0.064744 -0.084978 -0.079266 0.011076 -0.064242 0.125578 0.081994 0.056427 -0.004230 -0.073854 0.052080 -0.024120 0.080460 0.059246 0.009797 
-9.011720 -9.895421 1.365198 1.264378 -2.628868 -5.723559 -4.993374 -7.115662 -0.466609 -4.112526 7.999578 2.189471 9.256105 4.986452 6.486447 8.004956 0.321272 5.640652 6.234651 3.621880 -0.556573 7.064977 -2.975076 2.783419 -1.660474 -106.729134 0.059511 0.108264 -0.059475 0.075095 -0.061791 -0.074720 0.079117 -0.029578 -0.034597 0.039845 0.010759 0.024108 0.010461 -0.045894 0.041737 -0.071788 0.074617 -0.080004 0.015249 -0.021625 -0.025643 0.015640 -0.099932 0.027390 -0.043995 0.013628 -0.041133 0.053670 0.042133 -0.095996 -0.005283 0.024551 0.010762 -0.002858 0.003839 0.001495 0.043573 0.078113 0.043784 0.022500 0.018055 -0.041164 0.053383 -0.054241 0.099039 0.111866 0.032671 -0.098364 -0.103975 0.015853 -0.022798 -0.072334 -0.045906 0.046108 0.051291 0.086995 0.054843 -0.042494 0.028071 0.073707 -0.037668 -0.094677 0.063531 0.020547 0.045608 -0.036661 -0.076093 0.020717 0.003384 0.048570 0.034433 -0.013814 0.032092 -0.108592 
-4.601616 -1.378511 -9.654316 -5.972595 0.692991 5.116345 -7.355574 -0.078400 2.128704 2.631003 -6.103820 6.921164 4.136963 -3.995121 -8.422134 4.562765 -1.956696 3.421573 -1.669509 3.954002 -2.053966 1.748221 8.105514 -7.361154 -4.663178 -0.780667 -101.619594 -0.082730 -0.030001 0.055367 0.004389 -0.006630 0.077737 0.028602 -0.020605 -0.052345 0.078694 0.020467 -0.042063 -0.068832 -0.022180 -0.008787 0.027381 -0.075713 0.027870 -0.061653 0.085616 -0.079285 -0.012392 0.056779 0.085553 -0.087794 -0.053715 -0.034206 0.080201 -0.045067 0.007199 -0.085163 -0.042254 -0.043744 0.103780 0.042627 0.084870 0.025165 0.023725 -0.043036 -0.045650 0.025872 0.006784 0.001066 0.080559 -0.050789 -0.078219 -0.088080 0.027391 -0.050310 -0.050010 -0.052023 -0.066972 0.001384 -0.049963 -0.040394 0.096986 0.015821 -0.039396 0.033669 -0.058394 -0.077583 0.089548 0.006489 -0.074385 0.014041 -0.005984 0.014187 -0.063217 -0.030550 -0.084591 -0.029737 -0.034283 0.070569 
5.388570 3.824157 -6.731295 9.158311 -3.610420 3.932267 3.005294 -6.570635 -5.244648 3.933297 -7.210939 0.350024 1.236499 9.296437 -9.951954 -1.858750 -4.083513 1.682518 3.288731 -5.903018 1.288779 7.102600 -7.559207 -8.509034 -1.404532 8.950241 6.903984 107.003102 0.065429 0.073400 -0.124562 -0.001999 -0.059378 -0.063145 -0.006010 -0.090093 -0.060838 -0.035804 -0.012897 0.001743 -0.050988 0.012265 0.020556 -0.063056 0.002929 0.065424 -0.051187 -0.031419 0.047398 -0.004212 -0.077051 -0.030041 -0.007338 0.005792 -0.061444 0.019769 -0.022314 0.012224 -0.089188 -0.083238 0.038793 -0.038627 -0.018010 -0.008600 -0.076410 -0.073332 0.005848 0.106237 -0.038550 -0.018051 0.063052 0.045894 0.051357 0.058090 0.121534 -0.035239 -0.047795 0.048528 -0.025800 -0.115495 -0.019311 0.036233 -0.037564 -0.069136 0.081204 -0.042510 0.072165 0.026575 0.002034 0.046733 0.012985 0.052018 -0.037918 -0.078646 0.100721 0.039129 -0.098967 0.071100 0.041161 0.005360 
-4.939001 -6.741362 4.362603 5.463174 -0.329841 7.788098 4.955027 7.101684 2.426195 -4.106387 -4.318186 -9.315123 3.119992 1.459411 -9.990572 -8.555649 7.462666 -7.691761 0.713912 -2.848571 4.993412 -11.943312 -6.968054 0.746290 9.746882 7.288819 4.161212 4.068998 -103.786676 0.099077 0.047773 -0.069033 -0.040054 -0.074985 -0.077032 0.015263 -0.009550 0.081046 -0.069973 -0.099414 -0.048307 0.041304 0.029560 0.034541 -0.046011 -0.025900 0.062486 0.077950 0.000814 0.071580 0.092458 0.049405 0.050658 0.109395 0.076123 -0.023981 0.099090 -0.015318 -0.000024 0.024026 -0.075339 -0.019718 0.038173 0.132450 0.012714 -0.060437 -0.070176 -0.034876 -0.065933 0.072005 -0.071138 -0.084434 0.050496 0.000602 -0.059622 0.007637 -0.093344 -0.078606 -0.040109 0.044614 0.066919 0.022724 -0.008347 -0.069544 -0.025249 -0.068538 -0.018353 0.063006 -0.073001 -0.028363 0.086958 0.076245 -0.027179 0.111382 0.069135 -0.086156 -0.035531 -0.045654 -0.057920 0.097464 
5.398975 1.292205 -0.354390 6.620627 9.575505 5.528775 -1.367338 8.327367 -1.944395 1.327879 -7.639767 10.530051 -9.583807 -0.353966 -8.317090 7.138085 7.237328 6.455694 4.904173 -2.544074 4.260678 11.039727 -1.133987 -5.783717 -8.938649 -4.818122 -5.228873 -5.265777 -6.062298 -110.399682 0.017107 0.051003 0.007267 -0.020561 -0.074746 0.010583 0.059005 -0.035863 0.005044 0.031418 -0.041590 -0.085982 -0.027009 0.023619 -0.031175 0.014629 0.031441 0.084850 0.070456 -0.075770 0.025873 0.053866 0.005958 0.043153 0.050137 -0.078471 0.080836 0.062749 0.031816 -0.009540 0.016820 -0.040071 -0.058676 -0.014663 0.008516 -0.051335 -0.032134 -0.095579 -0.002623 0.072939 0.032868 0.010363 -0.077594 0.056191 0.044666 0.036785 -0.047436 -0.006344 -0.027914 0.016385 -0.033198 -0.059402 -0.070349 -0.064764 -0.018883 0.012517 0.019882 0.040447 0.073308 -0.028871 0.069415 -0.054896 -0.067772 0.005339 -0.035776 0.048650 -0.072579 -0.048233 -0.085111 -0.024630 
5.180402 4.717281 3.606167 2.812098 -1.966193 6.529417 2.154394 1.655039 6.969591 -0.795940 -7.535219 -6.975801 0.555376 -3.186079 2.737471 -8.573413 -9.955063 10.178005 -6.564483 7.834107 -8.562213 -6.710967 -2.835843 -4.498356 -1.346835 -6.245191 0.137584 -4.254765 -5.429780 7.746705 -109.318813 -0.015444 0.012074 0.065202 0.010026 0.006090 0.039315 -0.014659 -0.011165 -0.070785 0.090419 -0.043613 -0.051022 -0.036299 0.000652 0.040207 -0.096726 -0.048141 0.112486 0.052493 -0.064812 0.078557 0.085878 0.053474 -0.002913 0.067249 0.044335 0.003801 -0.039606 -0.097524 -0.043380 0.064095 0.021593 0.044714 0.045897 0.067672 -0.054982 -0.011273 -0.054092 0.024669 0.039941 0.045541 -0.053305 0.029404 -0.048871 0.092442 0.043955 0.094783 -0.064136 -0.068135 -0.010202 0.077924 -0.007160 0.015530 -0.111909 -0.005411 -0.068085 0.031730 -0.080853 -0.009435 0.065680 -0.088834 0.021191 -0.004737 0.061137 0.037965 0.023224 -0.009886 -0.096190 -0.036159 
-8.671639 -3.963131 -6.222515 -8.512774 -6.801989 -6.215279 7.089245 8.521948 -3.241656 1.073353 -9.646319 10.036469 -0.382756 9.911858 -8.833512 -2.418564 2.326422 -4.299840 -9.384037 -11.522652 -4.032724 3.012299 0.154429 5.947776 -11.333702 -8.550336 2.005125 1.126863 11.554514 6.499987 -8.051840 101.698693 -0.067136 0.084068 0.079752 -0.064609 -0.055019 0.032873 -0.092116 -0.046871 0.092392 0.032393 0.063492 0.037806 0.069623 0.049542 0.035320 0.066546 -0.049988 0.074627 -0.161157 -0.026959 0.038616 0.040081 -0.006133 -0.092622 0.076358 0.003707 0.044238 0.005597 -0.058892 0.095062 0.017702 0.091588 -0.079687 -0.059714 -0.059181 0.005245 0.049511 -0.013109 -0.021715 0.049335 0.089430 -0.045071 -0.005888 -0.053243 0.007085 0.123651 -0.050713 -0.025852 -0.050360 0.022837 0.101150 0.069209 0.027530 0.128004 -0.033474 0.056107 -0.012883 -0.068648 0.020988 -0.004754 -0.077332 -0.017736 0.039205 0.146040 0.067502 0.118442 -0.012477 0.037769 
-4.998417 -3.186336 -1.950505 3.030553 8.826708 -0.849934 3.670338 -9.555041 -0.751658 0.764777 -0.338162 -5.794407 5.869096 1.853704 2.698320 -7.394086 6.971019 1.396454 -8.080595 -5.932534 3.478751 4.951471 9.131848 -3.058205 7.030100 -2.884195 -5.295197 1.127222 5.959037 -11.905396 5.991578 1.803031 -103.537768 -0.067443 0.017984 0.006877 0.039830 -0.008227 0.081342 -0.086068 -0.053532 -0.065566 0.019656 0.070616 -0.002653 0.042410 -0.027450 -0.026166 0.015572 0.007551 0.022532 0.047983 0.099168 0.030931 -0.087059 -0.086897 0.094756 0.003341 -0.105182 0.075982 -0.028029 -0.052562 0.080570 0.076637 -0.085483 -0.051299 0.006579 0.109423 -0.030369 -0.021448 -0.087352 0.068230 -0.040614 -0.109551 -0.095336 -0.091076 0.000456 -0.072329 -0.030022 0.034804 0.004311 -0.060289 -0.020633 -0.039440 -0.003642 0.008667 0.000408 0.110756 0.006026 -0.011066 -0.057576 0.023555 0.050729 -0.104256 0.017595 0.095935 0.023915 0.096771 -0.027153 0.080979 
-8.590719 7.407884 6.341602 -2.336001 -7.604056 4.031149 0.207635 11.403392 0.432149 8.364323 -1.010178 3.463510 -0.050577 -2.739119 -3.691982 -1.081438 -2.710964 -7.256811 -5.288220 -2.888509 0.072917 -3.387152 3.941602 4.923329 0.349147 -0.612358 7.712918 0.812102 5.632892 -0.460018 10.587416 -2.481485 -0.647760 -106.599812 0.002213 -0.030131 0.091404 0.038663 -0.001116 -0.025738 0.082378 -0.098101 -0.023684 -0.034053 -0.105113 -0.052100 0.045760 -0.074531 -0.031680 -0.008608 0.065783 0.042195 -0.016878 -0.029252 -0.084432 0.042134 -0.036896 -0.056132 0.088512 -0.044048 0.092824 0.062517 0.083430 0.054888 0.015037 0.032198 -0.029204 0.084163 -0.021678 0.002048 0.061659 0.075989 -0.091523 -0.022935 -0.055762 -0.065820 -0.097252 0.075263 -0.014174 0.018300 -0.077390 0.000697 0.051759 -0.009237 -0.050346 0.047710 -0.029873 -0.024966 0.073963 -0.026734 0.025318 -0.093282 0.060275 0.078068 0.042122 0.028414 0.074311 -0.022676 0.001783 -0.069914 
-6.567392 6.103975 -1.285470 9.453984 8.335288 -4.904918 -4.764967 2.780296 -0.458563 -6.080996 7.025007 -4.399628 5.538389 -5.765204 -1.284987 -4.841835 -7.048588 -7.811289 6.016406 9.012257 4.798498 -1.130515 -2.141845 1.417694 6.469672 -2.782326 1.846636 -9.010773 -11.418932 -10.361509 8.400380 -0.914588 6.231528 -10.312775 -102.220900 0.053097 0.047406 -0.056132 -0.017329 0.084267 0.069841 0.034748 -0.038356 -0.024089 0.015625 -0.025450 -0.055786 -0.058104 0.027282 0.047929 0.012483 0.014595 -0.010701 -0.030514 -0.081042 -0.066872 -0.013123 -0.084277 0.015325 0.069662 0.016384 0.093843 -0.012103 0.086895 0.084170 0.038737 0.014527 -0.044643 -0.080381 0.022424 0.003868 -0.017845 0.072772 0.069209 0.052547 0.090453 -0.047325 0.014696 0.083741 -0.017748 -0.031954 0.038434 0.031256 0.031901 0.086882 -0.069548 0.040199 -0.073869 -0.041825 0.062797 0.061184 -0.048527 -0.036419 0.051250 0.029694 -0.038595 -0.058906 0.016925 -0.027868 0.006183 
9.913066 3.350599 -4.220647 -2.270652 9.547686 -1.004517 -2.271896 -4.701288 -1.324897 8.758398 0.570710 -1.872987 -5.140728 0.461910 -8.398532 -7.978887 -1.758049 -4.118258 6.656423 0.852416 -8.825230 -10.017088 -9.672411 2.096475 -0.767558 9.019461 -4.445187 -9.957406 1.778467 0.653026 -4.869727 6.334492 3.973912 -7.708196 2.071260 -107.789142 -0.012301 0.037574 0.046064 0.004038 0.046810 -0.072434 0.063619 0.079204 0.079422 -0.020740 0.038555 -0.052639 -0.017597 0.036630 0.022257 0.059535 -0.017756 0.088014 0.008223 0.064284 0.060967 0.060204 0.093085 -0.055596 -0.069730 0.074343 0.078646 -0.046119 -0.019098 0.046490 -0.050744 -0.097493 -0.041650 -0.096687 0.022270 -0.007076 -0.057741 -0.031555 -0.088119 0.096917 0.014638 -0.007005 0.049813 0.000550 -0.070353 0.040505 -0.027801 0.035104 -0.006642 -0.052531 0.038993 -0.036801 0.048404 0.041379 -0.045797 -0.039595 0.081588 0.079888 -0.035969 -0.081784 0.061869 -0.033969 -0.108172 -0.007157 
9.829888 9.456093 -3.887270 -6.640865 -4.831832 2.900055 -9.275322 -10.571732 10.831417 -2.385105 -4.217770 7.726084 8.468139 4.619515 9.743326 6.298855 8.726373 2.052641 -2.788029 2.713401 0.682797 12.363976 -5.389661 -7.217953 2.347028 -1.956688 -6.543899 -5.935290 -11.039089 -4.367701 -5.117577 -8.201646 3.221244 -6.836972 -6.053967 6.502896 105.521902 0.057704 -0.129158 -0.032286 -0.045987 -0.063960 -0.038880 0.014540 0.052836 0.107789 0.016213 -0.036123 0.075997 0.082573 0.028756 -0.061982 -0.002481 -0.045631 -0.120104 -0.077612 0.119513 -0.006429 0.084122 -0.033265 -0.007799 0.022874 -0.040009 0.108930 -0.030167 0.028427 0.071762 -0.031436 -0.087240 0.002697 -0.107498 0.031530 -0.060068 0.046704 0.074934 -0.094853 -0.045668 0.065175 0.012699 -0.063299 0.041314 0.020687 -0.092566 -0.071381 -0.012438 -0.053207 0.035255 0.056416 0.054338 0.033223 0.036079 -0.001149 0.054937 0.019080 -0.006218 0.055452 -0.132064 0.089387 0.034630 0.028406 
-4.884671 5.151004 0.150974 4.566743 2.481861 -1.043327 3.075790 -2.768253 -2.924098 -8.101263 3.422503 -6.833411 5.979163 -7.646543 0.336587 -4.139779 -1.173078 -8.204068 -8.057200 4.559162 4.250438 6.427905 7.607260 6.067196 6.335452 -0.326666 -10.490669 -1.355953 -11.754676 -10.557117 9.468562 -0.928084 6.279345 -12.810197 -9.179688 -1.980696 0.554701 -99.470573 0.069284 -0.007416 -0.037080 0.069615 0.024960 0.035008 -0.074667 0.041612 -0.046728 0.002321 -0.001290 0.096496 -0.058578 -0.061907 0.104322 0.030716 -0.040019 0.101151 -0.073709 0.062310 0.046310 -0.010893 0.002173 0.090311 0.103925 -0.116027 -0.102483 0.098169 -0.013088 -0.009044 0.015041 -0.089679 -0.090881 0.037010 0.020043 -0.122605 -0.059759 0.000531 -0.028069 0.057448 -0.008563 0.069652 0.116898 0.012404 -0.130365 -0.014460 -0.043238 0.045316 -0.119079 -0.048803 -0.018888 -0.086814 0.083501 -0.085033 0.000327 -0.064682 -0.078996 0.059900 0.023147 0.022516 0.016490 -0.013630 
-6.172851 6.867935 5.752442 1.938649 -0.894125 1.798665 2.733773 6.608584 8.127268 0.918517 -5.591382 8.891921 3.511731 -6.028668 9.031453 1.891728 -7.724792 -6.273529 -11.148503 -2.561621 6.387603 9.683687 -4.946253 -5.346381 -2.415169 -5.000748 -9.210226 -1.072041 1.067605 2.002188 -3.543173 4.737019 11.981584 6.104815 -3.201784 -11.307108 0.924351 8.578658 102.156092 -0.022084 0.120335 0.027178 0.054459 0.027001 0.030008 0.076445 0.082598 0.041171 -0.064915 0.089724 -0.018815 0.020520 -0.076757 0.006035 -0.099592 0.021477 0.110197 0.023987 0.000199 -0.093918 -0.033807 -0.045314 -0.070302 0.071878 0.025749 -0.015140 0.021310 -0.095693 0.085070 -0.087970 -0.023849 -0.033111 -0.022591 -0.046820 -0.082675 -0.014726 0.000783 -0.056291 0.019248 -0.048228 0.041220 0.102938 -0.065002 -0.070226 -0.061948 -0.005644 0.013075 -0.070368 0.012476 0.045685 -0.071190 -0.016335 -0.092663 0.075048 -0.023965 -0.053808 -0.128949 -0.025813 -0.063535 0.040697 
-4.799232 5.148798 -5.219570 -6.342510 6.959037 -5.459987 2.519548 0.386557 -6.878881 -9.926085 6.772385 -3.557328 -6.797986 -5.893809 -4.310553 7.120248 10.010570 5.715776 0.498711 10.699294 -3.492542 -2.555417 -2.152671 7.063261 7.794988 -11.305089 -8.566241 -2.595569 -0.525398 -2.187016 1.214482 -7.127500 1.301980 -0.588405 1.028602 11.938582 2.006755 0.205787 8.029116 101.793829 -0.006541 0.027165 -0.088988 -0.072630 -0.039966 -0.061641 -0.064803 0.065896 0.026675 -0.059890 -0.013070 0.001328 0.029257 -0.081416 0.102698 -0.098754 -0.006560 0.082629 -0.064020 0.087588 -0.066600 -0.022336 -0.017864 0.076797 0.086302 -0.005041 0.038947 -0.083448 -0.087619 0.093502 -0.019931 0.021604 -0.114623 -0.093632 0.079768 -0.006779 0.003053 0.063612 -0.102576 0.118416 -0.028778 -0.053978 0.019460 -0.057726 0.046455 0.046403 0.032617 -0.002863 0.026852 0.016782 -0.084184 0.051104 -0.047873 0.090862 0.083817 -0.026961 0.032015 0.073320 0.094019 -0.060139 
5.376610 8.627303 6.558421 3.844090 7.573875 -2.293394 5.445637 8.283851 8.298465 -0.515053 1.096884 -6.203773 -6.620340 4.396463 -9.544587 1.007993 5.822295 5.303553 -2.750273 2.200974 10.894191 1.184802 2.567870 -6.982663 -10.387068 -8.841749 -10.282952 -8.620446 -6.141061 7.002835 -6.977746 -4.828319 2.124439 -1.294138 -7.408266 3.968351 -1.939519 4.215011 7.711886 -8.142633 104.460560 0.044476 0.058111 -0.000396 -0.062440 -0.001179 -0.004331 -0.002699 0.055858 0.056871 0.076600 0.008419 0.014969 0.068040 0.059866 0.019547 -0.091882 0.003481 -0.020260 0.049226 0.010079 0.030559 -0.086209 0.056089 0.000884 0.022526 0.035135 0.084119 0.014852 -0.071625 -0.000573 -0.076038 0.017508 0.071924 0.024132 0.082833 0.026009 0.037058 0.045029 -0.075884 0.005684 0.107354 -0.022065 -0.058939 -0.041881 0.049505 -0.042375 -0.068685 0.010773 0.014353 0.095701 -0.031516 0.025464 0.030611 0.007612 -0.073483 -0.032043 -0.068288 -0.077496 0.004623 
7.381472 6.870894 1.856747 -4.238218 0.111828 -4.490157 4.230866 4.082173 -6.409979 4.912365 8.397442 -7.281677 7.428890 -9.114658 -4.245257 7.231048 -7.925551 -9.970353 -6.391994 -3.886969 -2.262322 8.383663 6.006372 1.320193 -2.340132 10.377044 -1.207032 3.856534 -4.704202 -4.104760 11.066830 -0.367509 7.804619 6.631941 10.636092 -4.341974 -0.200589 2.241473 -0.708301 -7.564808 -1.360205 -98.105156 0.069339 -0.053074 0.000407 0.026866 0.020888 -0.064076 -0.040451 -0.052185 -0.083111 0.035924 -0.120843 0.014154 -0.120946 0.090005 0.066594 -0.074500 -0.092545 -0.014110 0.102496 -0.072897 0.059702 -0.027103 0.062567 0.031068 0.035498 0.115650 -0.048763 0.013243 -0.081062 0.011638 -0.054910 0.020665 0.047777 0.049381 -0.028078 0.066049 -0.043383 -0.003240 -0.046089 0.097173 -0.008128 -0.074012 0.129006 -0.031275 0.069333 -0.019563 0.072248 0.006077 0.083717 -0.064221 -0.074811 -0.062905 0.057143 0.013082 -0.038102 -0.043636 0.060963 -0.041667 
9.696430 7.025810 -5.447588 -8.484189 5.615646 0.598830 9.111525 -9.998577 -2.089565 4.022943 5.772751 9.260257 -7.198597 -3.614998 4.725970 4.818965 -2.100886 -6.835343 10.793214 -3.311656 -3.143162 4.316812 -2.261058 -0.863605 2.262983 0.696557 -8.442693 -9.622780 3.167132 5.421430 0.020159 1.794072 -0.836704 -10.371826 -3.058436 -6.635560 6.107229 -0.032175 10.868043 1.901645 -2.457501 7.588338 108.335502 0.053406 0.059293 -0.085480 0.071335 0.018552 -0.003464 0.104760 0.100108 0.071195 0.098643 -0.040955 0.021772 0.074073 0.065219 -0.029726 -0.020669 -0.092817 0.099475 -0.058517 0.090321 0.005135 -0.012453 0.048422 0.034843 0.001884 0.016237 -0.074054 0.119149 -0.001423 -0.073386 -0.029184 0.071324 -0.096584 -0.033423 0.003239 -0.020818 -0.034633 0.031358 -0.085059 -0.026544 0.007183 -0.012786 0.029397 -0.064304 0.087061 0.054506 0.041190 -0.060576 0.068512 0.072267 0.099626 0.048195 -0.019017 -0.007006 0.011255 0.089543 -0.090676 
-0.062715 1.297863 -6.782124 4.249367 -10.001738 -0.589727 0.066373 9.361774 5.813428 -7.882132 9.818581 -1.140021 -10.776372 -9.967757 8.288639 3.284768 6.901003 -3.265655 -5.538435 -5.249118 -3.572583 2.137403 -1.977796 -4.769860 0.710454 -6.855539 -10.193529 2.426078 5.540218 0.245969 9.483135 -3.127941 -4.305070 -1.196324 -6.360933 5.942412 9.238257 4.578730 -3.281571 -0.398295 1.401130 4.526009 3.888299 99.652289 0.065826 0.061780 0.078166 0.041788 0.025636 0.024704 -0.034921 -0.029830 0.015414 0.076734 0.073387 -0.036441 -0.063885 0.019619 -0.007583 0.077104 0.007969 0.026205 0.041356 0.057866 0.058648 -0.028731 0.039364 -0.001318 0.093082 0.093861 0.034342 -0.012373 -0.104438 0.066941 -0.041888 0.034426 -0.090802 -0.023993 0.000119 0.014062 -0.015614 -0.066765 0.117007 -0.019524 0.075631 0.129554 -0.106766 0.046751 -0.109347 -0.086077 0.069821 -0.012085 -0.003072 -0.079587 -0.017402 0.030664 -0.029380 -0.028678 -0.025848 -0.065487 
-1.546778 -9.363824 -3.418783 3.151830 3.446982 8.999411 -7.283911 8.705441 7.551513 6.056594 -0.365717 5.530144 -11.173590 9.338903 -7.802551 -7.113326 2.507474 -5.716344 -2.202841 7.637803 6.917835 -3.650217 -1.764227 4.780966 -0.651942 2.542084 -6.907733 -0.364013 2.640495 -0.621938 -4.992208 -5.906900 -7.221481 8.491699 0.989029 -6.656496 4.099900 -1.506340 -4.096360 7.897817 5.066877 8.018400 5.830720 -8.063148 106.182118 0.044463 -0.005079 0.060518 -0.094655 0.090209 -0.079036 -0.057276 -0.008059 0.005394 -0.044154 0.018655 0.010165 0.069376 -0.036649 0.076986 -0.042916 -0.057954 0.077760 -0.009743 0.062868 -0.032246 -0.084017 0.068045 0.037568 -0.010311 0.035400 0.038775 0.080198 0.055985 0.027345 -0.060641 0.072559 -0.025704 0.012443 0.099315 -0.081784 -0.105637 0.066296 -0.032768 0.031915 0.028258 0.061667 -0.021313 -0.017352 0.013124 0.014392 -0.027987 0.057901 -0.077162 -0.109045 0.075036 -0.014870 -0.028965 -0.041235 -0.020547 
0.867597 -6.496741 4.000192 -1.725102 3.083710 3.667847 2.745978 3.249121 7.645844 -3.988755 8.158956 4.423507 4.061447 -7.308331 -8.753308 6.403548 -3.447264 1.289921 2.266585 -7.973217 2.669043 7.332690 3.989695 8.124990 -7.912838 8.111547 9.582372 -5.857064 11.491989 -5.834556 -3.822571 -7.515164 0.220494 -0.371483 9.666938 4.061221 0.361479 -4.429745 6.417333 -8.003790 2.796998 -3.579141 3.271595 0.062729 -7.342365 -98.129958 -0.062818 -0.013223 0.041298 0.005790 0.122815 -0.020909 -0.093649 -0.030133 0.062340 -0.101102 -0.075039 0.013209 -0.026717 -0.028723 0.106189 -0.024583 0.013533 -0.051105 0.024538 -0.041946 0.091091 -0.021197 0.091399 -0.111845 -0.062096 -0.123064 -0.069637 -0.046413 -0.010658 0.020619 -0.058530 -0.156729 -0.009300 0.054121 -0.022343 0.065679 0.029643 0.014824 -0.046813 0.023668 -0.041410 -0.014701 -0.048980 0.039780 0.039430 0.060083 -0.006972 0.009343 -0.041093 0.022391 -0.106486 0.025776 -0.108615 -0.052908 
-9.657916 5.076813 9.235492 -7.049039 7.434023 -2.580803 -10.218565 -7.743216 -0.853121 6.462813 1.914854 2.973783 -5.134121 10.092112 2.119475 1.781440 -2.730800 7.254822 -1.283236 -8.753534 5.950957 8.425475 -5.495253 7.354363 -6.214777 -2.371974 -0.211862 -3.525014 11.555771 9.803588 -4.223420 5.671324 9.917217 -0.872341 -1.427692 -2.399553 -2.552405 2.500447 0.542072 3.697309 -1.242930 -0.990042 -7.628955 6.165387 2.021680 -2.428909 -109.852313 0.025549 0.046053 -0.014475 -0.019529 -0.069104 0.022317 -0.054649 -0.033894 -0.012596 -0.024568 0.040718 -0.102927 0.111901 -0.090337 -0.027167 -0.052763 0.067684 -0.064381 -0.027691 -0.069708 0.074028 -0.072098 0.112258 -0.044512 0.113256 0.043561 0.064397 -0.065388 0.000789 -0.052814 0.004435 0.068581 0.095432 0.009963 0.065498 -0.027848 -0.085966 -0.002463 -0.073271 0.020594 0.031139 -0.112023 -0.049980 0.033430 0.030943 0.051213 -0.013427 -0.055462 -0.065109 0.059777 -0.003429 0.041629 0.070042 
-0.803246 -8.754671 -1.294273 1.580593 9.235430 -9.852436 1.382501 -9.748895 2.693189 6.137596 5.408938 3.141003 8.366874 -6.850737 1.913539 -7.300800 -8.487193 4.058993 -4.882793 -2.877035 -1.586776 -3.713160 1.772634 -4.001689 8.935796 -10.139765 4.854056 -1.188551 -6.803520 -8.409393 9.283739 0.415205 2.546239 -3.981623 -0.460524 -8.250186 1.842184 1.642255 -5.954217 -3.626138 -1.158925 -10.395916 5.204470 -0.101058 9.833785 -8.046248 5.457074 110.244957 -0.057002 -0.069132 0.021843 -0.050878 0.027928 0.036032 0.023533 0.083115 0.078498 0.055870 0.043070 0.002975 -0.057402 -0.034934 0.001571 0.100495 0.089450 0.025663 -0.044138 -0.027281 0.085818 -0.077298 0.049294 -0.023334 0.003056 0.010228 0.038787 -0.023739 0.010378 -0.040496 -0.099368 -0.062673 0.077009 0.077690 0.105515 -0.015805 -0.064699 0.063572 0.073798 0.004902 -0.034667 0.039085 -0.064272 -0.008249 -0.067665 0.096107 -0.027980 0.043933 -0.116595 0.035619 -0.065066 0.011629 
-5.225666 -7.299220 -0.845640 -3.664346 5.232415 -4.452620 -9.007349 -0.407539 -5.738004 -2.683084 8.852864 -8.116627 7.219569 -3.472927 -1.981597 3.905976 7.493099 -8.528124 9.261989 -0.126270 0.798070 -5.369052 -2.704449 5.077167 -5.962658 8.119124 6.112218 4.385052 3.678379 4.858586 -5.104656 -4.714869 1.827031 6.019963 -5.988888 -0.476849 -0.982961 1.781761 -9.222823 12.376771 9.229273 -3.350334 9.100861 8.945303 -7.018266 -4.607947 -5.509661 11.055299 -102.184574 -0.000212 0.056868 0.075691 0.058329 0.015805 0.094067 0.056419 0.086298 0.017450 0.018295 0.103005 0.104669 0.075273 0.033952 -0.052358 0.040724 -0.049016 -0.072845 -0.082085 0.050054 0.012525 -0.048746 -0.017866 -0.125550 -0.052649 -0.010396 -0.074938 0.015126 0.048136 -0.026141 -0.060649 0.090125 -0.041959 0.046937 0.025167 0.004517 0.050434 0.022179 0.054097 0.044007 -0.104913 -0.090558 -0.054261 -0.074850 -0.055951 0.036650 -0.076604 -0.039533 -0.027560 0.068204 -0.077289 
5.503532 4.066982 -1.284824 -2.289282 -5.896732 -2.216582 -10.012390 -2.212696 -0.281968 8.458947 -8.125859 4.589918 -2.226413 7.530065 -0.200542 -0.300334 -2.517304 -2.822754 -4.909350 -9.969825 11.418141 -3.876157 7.236813 4.938763 -3.596557 0.299917 2.589226 1.842249 2.468771 5.290902 -4.845541 10.652762 -7.395888 2.687429 4.322390 4.294262 -7.338734 0.310013 -7.913615 9.582398 8.455384 -9.179890 -2.333936 6.814521 4.933615 7.065340 5.123462 -10.928915 -0.001980 109.289575 0.007793 -0.061877 0.063849 0.024437 -0.072564 0.104696 0.080648 -0.058230 -0.078644 0.019566 0.077201 0.016560 0.062093 -0.051273 0.044324 -0.027155 -0.053015 -0.002932 -0.016274 -0.090886 -0.030611 -0.029161 0.016654 -0.037707 0.065286 -0.020147 0.012629 0.075431 0.106949 -0.046457 0.109184 -0.018838 0.010103 0.002718 -0.088574 0.002049 0.082177 0.104425 0.053923 0.080029 -0.024125 0.059187 0.065595 0.015688 -0.038160 0.053049 -0.053832 0.083431 0.015396 0.116724 
-4.998892 -8.406905 -6.935062 -2.313335 6.476336 9.382593 -5.843478 5.423525 -8.475103 7.018532 10.552154 -7.320906 8.486572 7.438409 -4.007318 -2.643859 -3.250622 -0.816666 -6.523131 -2.347169 -3.667573 -4.834314 -10.140782 -5.285223 -1.195512 9.215931 -5.562255 -4.317713 -0.914556 -3.493510 -5.971836 2.332111 -10.315789 -8.320230 -7.419304 -11.464757 -5.862161 8.891469 -4.970314 -3.167199 -6.451456 7.789361 0.308886 2.287625 0.051123 -0.356083 -2.526798 5.133308 -2.492901 -1.994600 -96.956422 0.048485 0.021227 0.037889 0.111443 -0.044329 -0.066555 0.049840 -0.060486 -0.038426 0.059479 0.046541 -0.012216 -0.018049 0.018060 -0.018576 -0.055928 -0.055551 0.103161 -0.041813 0.021905 0.010422 -0.046240 0.112012 0.024432 0.055384 -0.016926 0.035031 0.055695 0.105678 0.101862 -0.077618 -0.016783 -0.010678 -0.018114 0.010107 -0.032307 0.053362 0.097724 0.006297 -0.070033 0.054489 -0.067752 0.071825 0.073897 -0.052779 0.107810 0.013046 0.060521 -0.092370 
1.953740 1.280401 1.574679 4.240554 -2.402409 -6.643886 -0.975972 0.581299 -1.535036 8.313394 -3.193212 0.583285 -1.607583 6.588205 0.750580 -4.130803 -8.711600 -1.947698 -6.952174 -12.609558 1.092282 -8.105524 -7.219701 -3.165196 7.310160 9.003495 -8.911387 1.353347 5.703006 -1.252732 -10.266325 -3.644126 -6.632135 -2.084521 -4.257968 1.153720 -5.391264 1.964530 -2.064981 -6.686643 -1.348917 -4.037728 -6.601953 -6.907410 -3.474161 -7.013770 -3.688381 6.681933 5.374094 -1.598180 1.245520 99.479322 -0.091242 0.032400 -0.123264 -0.120912 -0.086408 0.047125 -0.092068 -0.038969 -0.070642 -0.081200 0.050022 -0.063374 0.044989 -0.053162 -0.054009 0.116493 -0.063118 0.072821 0.034870 0.027315 0.006692 -0.083276 -0.028307 -0.013740 -0.068855 0.078472 -0.047497 0.012032 0.071401 -0.034793 0.081740 0.049415 -0.040537 -0.039990 -0.006492 -0.064317 0.058390 0.078118 0.051181 -0.091088 0.079430 0.061301 -0.051650 0.087993 0.019672 0.074019 0.060753 0.106506 
8.315524 4.830148 -7.895079 -5.619979 -5.399148 -3.864743 -3.955188 4.408240 0.596243 -6.386154 8.006592 7.075324 -1.143964 3.099029 -6.401080 4.534624 8.092821 -5.295176 9.070097 1.792402 1.525427 -11.319150 6.867418 9.314962 -9.554639 -9.174353 2.694196 0.518626 -9.490763 0.564093 -1.502878 6.956147 5.249808 -7.346250 2.861820 -1.146622 -6.353517 8.444376 4.341687 -6.556093 -2.135969 6.714903 -11.615250 -8.180505 -11.482722 -6.105654 9.641090 5.429592 -2.325495 9.518003 4.952909 9.552853 102.053391 -0.067178 0.030616 0.078085 0.059931 -0.057575 -0.022253 0.078392 0.054046 -0.035598 -0.059394 -0.007694 -0.007442 0.017601 -0.051096 -0.029136 -0.053768 0.083975 0.123873 0.032893 -0.119210 0.067052 -0.074922 0.015237 -0.087607 -0.082432 0.009602 0.049794 -0.065358 0.080180 -0.073460 -0.108825 -0.064389 0.105290 -0.111580 0.068367 0.032656 -0.083607 0.033326 0.013927 -0.017994 0.034457 0.010190 -0.000708 0.051097 -0.099050 0.041541 0.043976 
-3.615702 -2.222733 5.686225 8.162475 -7.065426 0.567434 -7.097803 6.036890 -3.641607 4.817523 -8.073725 8.811717 -0.816298 -1.162258 8.704692 0.386041 -1.525828 -5.778124 -10.777684 1.023155 -10.131290 2.210930 0.604964 3.145519 -0.301648 3.233281 -4.284802 -1.206915 7.029165 7.385672 1.150481 9.283560 11.242672 -5.199614 -2.073084 -6.210472 -3.007328 -6.852661 5.200838 12.014299 0.195608 -4.203231 8.826358 -0.101950 5.474123 2.139970 -3.583534 -1.497379 6.112312 7.965786 0.811130 5.479203 -7.678433 -103.623293 0.052818 0.003945 0.055933 -0.003490 -0.026441 0.028303 0.007862 0.047668 -0.023974 -0.057365 -0.075820 -0.117260 -0.065676 0.086218 -0.008821 -0.090984 0.037901 0.016549 0.049260 -0.011547 0.014849 0.064948 0.103360 0.006858 -0.118047 0.080608 0.005345 -0.070097 -0.045036 0.058512 -0.100783 0.015241 0.049507 0.067898 0.095784 0.029234 -0.113975 -0.013543 -0.070987 0.001036 0.085196 -0.060483 0.111954 -0.069864 0.037481 0.055703 
-2.709480 0.169606 -2.140543 4.852488 -7.110243 -1.889477 3.393972 7.696590 -0.427901 0.164155 -9.108742 -8.026530 -1.923897 9.675759 6.129123 6.047043 -6.529193 -5.166593 -3.968984 -0.465454 -1.467902 -7.838441 7.103293 4.617008 3.883881 3.444446 -8.164793 0.009040 -3.866184 8.381108 1.544761 -1.035574 -2.228481 -6.454625 2.988111 -9.585086 -10.066341 1.568390 4.683108 -5.095541 -7.363928 -6.539721 2.894392 -0.320703 -4.254581 10.731506 -2.552123 -6.268663 -1.196029 9.845690 1.054644 0.115674 -2.800821 -5.465497 -107.466070 -0.012349 -0.077165 0.094290 0.010891 -0.113012 0.060471 -0.035176 -0.036488 0.056777 -0.096749 0.067147 -0.030993 0.006081 -0.054016 -0.077979 0.081264 -0.064474 0.060493 0.054686 -0.027876 0.024325 -0.026662 0.069465 0.061483 -0.062417 -0.049026 -0.070238 0.022552 -0.050289 0.059822 -0.013717 -0.072050 -0.064691 0.059075 -0.073336 0.028172 -0.012847 0.064410 0.062686 0.036222 0.055895 -0.051194 -0.051010 0.095704 0.009573 
-6.691066 -3.537736 -5.022655 -1.733001 -7.790793 -5.606286 -6.977286 1.470013 -5.858351 1.475069 -9.134351 2.809464 8.801824 7.651355 7.985128 4.619473 4.250897 6.653157 7.848123 2.539748 -0.275681 1.303346 0.511620 -0.920855 1.707948 7.356132 -3.234685 1.884535 -1.890276 -7.824480 -1.014607 -5.632153 -3.301849 11.251681 8.457273 7.548688 -1.148739 -5.793917 3.382822 -4.920753 5.625862 5.975080 4.373622 4.719894 7.624491 8.060312 -5.484068 10.973106 4.167497 9.141137 4.754610 -2.491125 -1.803720 -12.188221 3.691181 -110.488847 -0.074696 -0.040826 -0.026210 0.023899 0.036965 -0.009579 -0.033099 0.031780 0.121099 -0.038985 0.095338 -0.069571 0.025293 -0.111707 0.118947 -0.050349 -0.091068 0.060038 -0.002367 -0.057186 0.065097 0.012199 0.100772 0.004309 -0.082352 0.045715 -0.026871 0.043683 0.063176 0.001354 0.059989 -0.114060 -0.045139 0.035906 -0.088038 0.015879 0.025691 0.004313 -0.092820 0.002949 -0.123375 0.000472 -0.044200 -0.083470 
3.994743 4.365747 3.379078 -0.819868 5.749063 8.358985 -7.776947 -4.382029 -4.828035 7.423162 -5.487059 7.744935 3.283869 -8.935061 8.759591 1.927189 5.499379 -2.719563 -3.812185 4.891009 -8.893946 0.136485 1.851837 -8.725737 7.027624 6.674498 3.180336 -8.863091 -1.119811 -1.758320 9.302782 -3.321411 -5.764113 3.463289 -4.761562 9.345267 3.983617 -0.104522 6.006452 -10.819220 5.691531 1.663165 -3.912186 -8.839976 0.530375 4.503453 -5.421970 -0.571818 2.514301 -3.530291 1.262178 4.466926 12.494318 5.185572 1.134380 4.727948 105.933336 0.030064 -0.079209 -0.020818 -0.070853 0.041706 -0.028807 0.118787 -0.070580 0.026658 -0.042488 -0.049344 -0.015717 0.103076 0.015672 -0.036142 0.096605 -0.100690 0.012191 -0.040816 -0.064635 0.000690 0.072269 0.061024 0.020861 -0.041504 0.041405 0.059555 -0.008468 0.027067 0.063308 -0.061004 0.046734 0.087447 0.069383 0.046854 -0.026112 -0.073303 -0.060192 -0.016168 -0.056307 0.136524 -0.034246 -0.010616 
-8.747456 4.103569 -8.482005 7.645672 -0.456970 -4.435045 -7.630725 10.213840 0.509131 -8.988888 -9.042536 -9.208056 5.613981 4.077399 1.981109 4.748092 1.440666 3.901608 0.026166 -7.164643 8.992954 6.097612 -0.543352 1.120067 4.107336 5.059272 -8.972963 -6.751494 -7.790162 -4.138679 4.806832 3.863509 7.712265 -7.639029 6.615468 -3.628253 -4.801126 -7.401166 -5.057480 -9.211541 -0.508739 8.174459 2.127746 5.744393 -8.693453 -3.360670 -6.335838 9.368880 8.829439 -3.209123 -1.692677 3.032054 1.897579 -11.433381 -2.098535 -2.059031 8.318829 105.607733 -0.014735 -0.054403 0.008897 -0.054352 -0.047590 0.037669 0.072070 -0.043950 0.059258 0.115403 0.060815 -0.054085 -0.017407 0.065836 0.101839 -0.030538 0.117036 0.110840 -0.044776 0.090471 -0.005037 0.115086 -0.097534 -0.039461 0.048920 -0.117879 -0.086811 0.001231 0.056695 0.010260 0.005843 0.065286 -0.063014 0.017329 0.056712 0.081569 -0.048601 -0.092885 -0.008177 0.023518 0.029183 0.022250 
7.161301 -7.727629 0.449145 -5.623802 -9.047876 7.402048 7.583587 -9.630705 -5.080680 -1.089761 -0.309147 9.889279 1.090902 -1.324674 -7.317007 7.683125 -9.305865 7.955590 -6.381854 5.170741 4.747003 -3.908501 -9.556106 -4.399219 -2.284964 0.577384 3.940844 -2.271227 -6.456855 0.085201 3.611944 -12.221164 6.901949 -3.089465 -2.722331 -1.830532 -2.168696 9.764223 -1.756507 -3.416073 -0.278571 1.723569 -8.580007 -5.910692 -2.284988 -0.408580 8.542318 5.726073 0.715173 -5.740094 10.355363 -10.672435 -1.438076 -6.210171 -12.838623 1.919455 -5.621269 4.882226 98.381894 -0.034242 -0.036016 0.020358 0.120045 0.053150 0.048840 0.058047 0.040698 0.012110 0.059556 -0.058311 0.018854 -0.116967 -0.010972 -0.105931 0.137007 0.014586 -0.095683 -0.036223 -0.070762 0.037803 -0.037915 0.043025 0.014926 0.040584 0.034965 0.100579 0.025046 -0.028617 0.040030 0.079068 0.043170 -0.070166 0.021134 0.030080 -0.101058 -0.076286 -0.043463 0.059731 0.106229 -0.023024 
-0.069859 -8.035778 3.095752 -0.544573 5.797969 6.937094 -7.031385 -7.565850 8.558436 -5.858752 7.878639 -7.245760 1.275153 -7.636165 7.309482 -5.559740 9.996672 -11.775051 2.941935 -0.211986 9.247877 -6.998153 -3.507262 -1.291666 3.502949 -5.048926 3.777301 2.828077 -7.600197 9.832481 -2.026343 5.572723 -1.188855 2.454370 -2.987257 -4.924057 -2.417638 -5.336824 1.539130 -11.474037 5.020562 6.888414 0.994701 5.177806 -6.691412 6.032772 -6.406226 2.089471 6.649049 6.895298 -2.764258 6.396408 8.589134 -0.162102 -6.322069 -5.456915 3.761602 1.681453 -4.230724 101.921194 0.036543 -0.094061 -0.029511 0.067222 0.035335 -0.002171 -0.068562 -0.106485 -0.010962 -0.082203 0.064402 -0.029117 0.057067 0.036743 -0.090909 0.074852 -0.030181 -0.036377 -0.092720 0.130619 -0.053282 0.049713 -0.136054 -0.001154 -0.027793 -0.007803 0.082974 -0.052366 0.009123 -0.009828 -0.012363 -0.012215 0.073993 -0.041167 -0.028699 -0.057109 -0.051932 0.024826 0.115429 0.035496 
-6.925853 1.180091 -8.611757 -1.602907 4.391952 -5.446176 2.097937 5.943997 -6.557794 -7.252284 -3.332060 6.464497 7.098437 -4.279572 2.225239 -1.809216 -0.650366 2.283728 6.289637 6.283788 -6.761014 -4.980665 -7.041755 0.765897 0.641049 -6.398486 6.996818 0.988192 -1.453453 -8.417861 0.638744 2.845718 0.474592 -4.300356 4.177180 3.527741 0.942017 5.184608 -6.776616 2.668507 -3.516191 3.862663 -3.455137 -2.335375 -5.996134 -12.103740 12.420382 6.567494 7.556169 -4.704798 6.807050 -0.981326 -1.866823 3.484927 -8.911800 4.521917 10.907873 0.177139 8.242731 -1.787178 107.541589 -0.068313 -0.030094 -0.073598 0.109844 -0.035688 -0.062448 -0.010773 0.012797 -0.044688 0.052289 0.004394 0.076102 -0.017477 0.038863 -0.060824 0.001800 0.014160 0.008920 0.059162 -0.097400 -0.002001 0.053825 0.030148 -0.015956 0.086853 -0.064444 -0.056884 0.013241 0.019767 0.008950 0.087646 0.089336 0.027940 -0.021879 0.048051 -0.085024 0.014156 -0.001564 0.023648 
9.605039 8.401364 -4.098332 -0.569914 2.302369 3.450053 -2.476387 -5.362802 6.076059 3.370434 0.065565 5.534233 -7.455897 6.615435 6.345014 -9.070987 7.912106 -1.874809 -0.057600 8.119722 4.495553 9.697731 6.080507 6.515756 -8.143445 -4.161101 4.257794 1.411895 5.137972 4.463813 1.550747 -0.296030 2.718152 -8.578458 10.832758 -6.838583 -2.765241 -3.635097 3.250347 9.600406 -9.757590 -8.117685 4.993887 -7.078545 -3.715730 2.089228 13.906148 1.917814 -10.504301 8.424843 1.060556 5.081862 1.862531 14.239872 4.045289 5.062577 -8.388515 -7.199403 9.965460 7.591982 -0.235078 -104.467850 -0.045288 -0.019331 0.082958 -0.132522 -0.010271 0.046059 0.008206 -0.032542 0.098299 0.030866 -0.010354 -0.061512 0.126360 -0.055126 -0.044294 -0.011791 0.006175 0.008823 0.055857 -0.018696 -0.031610 -0.069799 -0.023647 0.005381 -0.048169 0.084701 0.044524 0.136208 -0.129364 0.067135 -0.003457 -0.062023 0.091230 0.002700 -0.039262 0.008832 0.070444 0.114535 
-5.300581 4.981350 -1.724450 -7.583388 -0.323798 9.958869 -8.609150 -9.108267 6.846433 -2.065316 8.966548 -5.271683 -7.907727 8.729951 -0.891350 -6.373712 -1.392674 -3.033032 6.899480 -0.651160 -8.552580 -1.271908 -3.933934 -0.115573 7.790464 9.111741 9.663567 -3.935331 3.366184 7.321764 8.111627 -4.256328 -1.034168 -10.714092 -3.414232 -0.263355 5.548875 -2.368827 -0.212640 -0.027512 -4.069487 -0.375758 1.932738 -8.214905 -7.579705 -1.226381 7.651731 -3.133662 3.586205 2.909504 8.164048 2.019331 2.894784 8.829502 -1.096376 -1.847048 1.351953 2.053305 0.432519 -2.193343 -1.768512 -7.947739 106.710163 -0.051985 -0.011353 -0.014579 0.079195 -0.008410 0.079276 -0.101080 -0.033359 -0.093996 0.013185 0.078040 0.071036 -0.052117 -0.041031 -0.052602 0.097712 -0.046603 -0.056690 0.081804 -0.034992 -0.028124 -0.019986 0.033533 0.021631 -0.020841 -0.071890 0.010950 0.090986 -0.047749 0.045319 0.036896 0.015463 0.054080 -0.026277 -0.026876 -0.090099 -0.029261 
9.579656 10.235957 6.528823 1.909366 -7.280290 6.400775 -9.302188 -1.211329 -4.350475 -9.344233 -7.086999 -2.220969 0.942068 -3.688939 -3.974442 11.208461 0.755470 5.100986 -8.001610 -8.519251 6.358962 -6.525800 8.623304 -7.601001 8.477753 5.977911 -10.265750 -8.396000 8.471385 1.463154 0.352442 6.800979 10.459747 -3.091027 -3.837570 1.205600 4.302673 4.536884 -4.567007 -9.632967 2.909044 -2.136991 0.990699 4.815686 -10.825098 -3.777762 -3.206313 -2.636821 -2.584544 4.319465 6.474638 -1.485425 5.086026 -10.011670 4.301131 0.228446 -9.643775 -6.384300 -8.666558 1.687350 4.589910 -2.320015 10.171884 108.651803 0.079529 0.046997 -0.002620 0.018860 0.025185 0.008524 0.059777 0.002034 0.036258 -0.026570 0.160752 0.056875 -0.080091 0.013512 -0.003451 -0.037892 0.045035 -0.023245 0.021139 0.042337 -0.051129 -0.039073 0.131080 0.046772 -0.028428 0.054979 -0.036539 0.065855 -0.074998 -0.031412 0.059614 -0.001996 -0.082044 0.096794 0.037641 0.064047 
-9.505035 1.992673 6.751635 2.963412 1.425726 4.470663 -8.841928 -2.445351 6.936089 8.726496 2.575215 6.110220 2.589527 -6.300185 5.205344 -7.187921 6.973668 -6.674139 -7.820750 -1.171102 -8.064986 2.793137 4.668859 6.181375 -3.781657 6.283460 2.055030 5.176472 7.149375 3.195592 8.012268 8.322018 -2.116893 0.446654 0.618289 -6.565692 4.881597 3.015959 8.344957 9.905593 -3.288518 0.259249 -9.227312 4.648853 0.444976 4.706138 -5.832217 -6.438014 -4.705473 3.245640 0.556969 3.429677 1.887227 1.687836 -4.607333 -2.827819 -12.337705 4.711351 9.366364 8.092982 -3.472406 -3.898932 1.039385 -2.111789 -104.961053 0.050895 0.028930 -0.034286 -0.055706 -0.066373 -0.014858 -0.102158 -0.088432 0.010528 -0.016716 0.141959 -0.051287 -0.057187 -0.050388 0.091922 -0.040333 0.091449 0.009720 -0.002973 -0.056830 0.086760 0.045631 -0.013107 0.011299 -0.051525 -0.065688 -0.070435 -0.024581 0.048029 0.020881 0.050155 -0.048485 -0.001292 0.001112 0.037105 
-0.838151 -4.887667 -8.960540 4.334231 -4.478708 9.713436 5.135634 -9.470606 -5.885236 5.643983 -9.033237 5.783288 4.214178 -0.714899 -8.794572 0.592181 -13.518323 12.421287 -2.383268 8.016047 -11.522070 9.805491 -7.919183 -9.825605 0.013217 8.840695 1.449272 -1.992927 -7.602996 -7.859984 -6.285531 -13.367975 -2.629041 11.032240 -3.005389 -2.979284 6.096616 8.435881 -2.508197 6.562583 -4.705732 13.284965 9.376570 -6.965220 0.710024 8.841408 5.103009 6.547046 1.634933 3.341052 -11.419025 6.304152 11.928082 -0.340679 1.541629 -1.634574 -0.829692 -6.674174 6.705671 -9.887937 3.330374 -3.209848 -11.941898 -0.499200 -4.296182 -108.802633 -0.091750 0.107228 -0.084685 -0.039926 -0.004286 0.052253 -0.026298 -0.018329 0.047433 0.006278 0.095274 -0.012209 -0.094799 -0.026449 -0.033832 -0.001012 0.035150 -0.105769 0.068101 -0.080957 0.005048 0.051036 0.021484 0.088334 -0.050381 -0.000968 0.008028 -0.035342 -0.024655 0.052831 0.040758 0.030293 0.117635 0.060195 
-3.670987 3.907810 -0.621451 5.871146 -6.588082 5.554120 -9.263113 1.004630 -1.616648 0.915499 -0.268126 4.761478 -1.432129 -3.008715 4.081940 1.570878 -8.020084 -1.158214 -7.947294 -3.793257 -4.367287 -6.619450 -5.413484 -11.309808 4.092834 -3.007755 -2.662328 12.368899 9.129268 -8.368867 0.226108 4.815892 -4.251093 11.366331 -8.301289 8.281463 8.660030 -7.170950 -1.234948 6.314889 1.436743 6.528622 -3.247350 -9.195926 5.772557 5.663628 -5.256062 1.918498 3.758988 7.537848 4.047814 1.826998 -1.490635 -4.529405 -3.391076 -0.417469 6.654420 -9.125800 4.599092 -4.594423 1.786464 -8.631199 -4.179208 -0.774864 2.413910 -9.789701 -102.683569 0.046786 -0.074779 -0.057893 -0.096872 -0.114399 -0.045779 0.054373 -0.036134 -0.083165 0.029892 0.140773 -0.070418 0.009476 0.005407 0.128999 -0.038236 0.079848 0.016177 0.011613 0.091399 0.092806 -0.024278 0.071374 -0.024567 -0.042299 0.068551 0.048914 0.056903 -0.002965 0.079730 0.098607 -0.006437 -0.039197 
3.612665 9.521699 3.901869 -2.080196 6.631010 5.356257 6.999084 -6.136632 3.447143 3.314262 7.380782 -3.962214 2.046063 -6.458150 -6.871916 11.585765 -2.374630 -3.273155 7.821112 9.339137 9.143564 -8.005337 -6.068223 11.608038 -7.303703 -9.569803 3.138570 1.849538 -2.070676 11.608583 -3.829803 1.633949 -7.199511 -7.910619 1.454008 5.732253 -1.961735 9.359777 -6.686069 -12.798851 2.866261 5.183248 3.867153 -4.317138 9.186278 2.301491 0.513704 3.423709 -8.919732 -9.368250 4.145870 9.559595 2.904569 5.486441 -5.090507 3.755788 -1.752874 3.944509 2.749075 -7.346841 -5.407628 -5.433566 -9.351619 8.336194 -6.391841 -5.849969 9.153682 100.618197 0.011662 0.054765 -0.079875 -0.087277 0.032383 -0.066115 0.041432 -0.025430 0.099584 -0.039976 0.106572 -0.085430 0.078722 0.069788 0.033152 -0.049472 -0.021875 -0.057578 0.013770 -0.003080 -0.032685 -0.022378 0.000459 0.007612 0.085436 -0.045229 -0.002474 0.005496 -0.053908 0.046077 0.078180 -0.068649 
-5.683202 -5.891684 5.581848 -7.872650 -0.828041 -8.406983 -0.955874 9.384639 -8.504365 6.965140 -6.939327 -2.393333 -5.852182 -6.868671 -7.024723 -9.251911 7.665651 -5.566448 -3.603544 7.284973 5.832343 5.303263 -0.861168 2.617335 -12.602433 -0.940393 -2.863945 -2.836948 -4.566467 4.338516 -2.390144 -2.125106 -2.120506 10.303366 0.152254 6.568589 -9.604987 4.456814 -7.497623 11.207353 6.368679 -6.222243 -2.366632 3.899934 10.476644 11.298900 -4.780652 -3.277380 5.341731 0.646014 0.278964 9.571453 4.424099 5.950729 -4.131502 -3.009510 3.332407 5.094142 5.661785 -14.521241 -2.057616 -3.937325 4.851383 3.167147 4.629489 2.853659 -4.926859 -10.622049 -103.391608 0.038012 -0.052875 0.058423 -0.012486 0.069166 0.095484 0.000227 0.030845 0.075347 0.105830 0.108510 0.001258 0.024505 0.105325 -0.073807 -0.054109 0.037933 0.067110 0.042348 0.072221 0.050527 -0.043738 -0.087501 -0.109432 0.030573 -0.037825 0.044909 0.061841 -0.114566 0.011096 -0.058090 
-0.165971 -5.461821 2.872482 -1.722828 -2.217686 -4.909870 9.617799 3.891074 1.724464 7.645607 1.284831 1.267961 -1.061858 -8.779009 -1.678818 2.143312 -0.617666 -3.413310 -4.023348 -5.027918 4.334194 -9.303592 7.948226 6.285736 3.219326 -9.016358 8.592864 7.625720 -7.691311 7.416571 11.277208 -0.774351 5.002003 0.592212 -4.011511 -0.790481 -3.906393 -5.618463 -7.445151 -1.915005 -5.943963 -2.072635 4.631226 2.474995 -3.630378 3.157364 9.616527 9.608680 -0.048460 -4.479291 -1.853838 -0.918524 6.096891 0.568558 9.543467 9.448767 -3.070905 -3.670647 -0.864411 -2.228650 -9.675884 -7.533091 0.454096 -0.164287 12.155626 -8.000996 3.174774 -12.872670 4.811261 106.836067 0.072399 0.026022 0.049773 0.018737 0.026885 -0.040453 0.105210 0.046276 -0.046157 -0.079658 0.080608 -0.055835 0.030822 0.004387 -0.036832 0.017743 0.018156 -0.002358 0.026932 0.054145 -0.028339 -0.022677 0.086705 -0.055313 -0.055145 -0.118698 0.019670 0.046645 -0.030613 0.077355 
1.471838 9.637026 -3.196503 1.462629 8.744252 -7.292494 -8.958361 -8.004461 2.085734 3.459702 -2.236135 -5.608584 -6.947080 0.970679 -2.264275 9.611074 -3.928379 0.638845 3.010608 -6.954691 1.559484 3.864052 8.136378 -1.805430 -7.659423 -1.293868 -10.571015 -9.603499 3.335331 -4.079906 6.225722 1.368852 8.807713 -3.363625 -4.989023 7.364585 8.548476 -6.893969 2.440652 6.821278 0.019776 0.715388 -8.288736 -0.533564 1.444390 0.896876 -7.967974 -2.248790 -10.159623 5.545330 -6.522599 -3.608104 8.188695 -8.292200 5.068219 3.996761 4.302811 0.509861 -1.561318 -3.462326 -0.913364 -2.572751 -7.334334 -5.454159 -0.772096 -6.200598 2.958329 2.672648 6.456137 -6.617857 -100.289524 -0.079719 0.064763 0.012489 -0.044448 -0.029484 0.089411 0.108408 0.052042 -0.018834 -0.062278 0.003125 0.056556 -0.081388 -0.037077 -0.001759 0.080153 0.006070 0.006189 0.034448 -0.051270 -0.042971 -0.030356 0.046760 0.060573 -0.064921 0.022194 -0.100923 0.068821 0.048214 
-7.528042 -5.577513 -2.653555 0.603267 7.239950 9.705085 -3.009355 -6.946440 2.145536 1.830806 6.167899 -1.874482 -5.267497 -9.911436 6.521025 8.085853 3.736362 7.063053 -6.423053 3.413614 -4.504278 -2.268131 -4.930036 1.965416 -5.560468 9.102607 1.627001 -4.010640 4.658221 -2.302680 -6.000270 -5.804728 1.359256 -6.095548 -9.050058 5.933328 -6.111318 5.809999 6.780167 -12.476625 -2.479508 0.724080 -9.432932 -6.298253 -1.764928 -2.564420 -4.106841 -5.850165 -6.424394 -10.376844 -0.251034 5.700430 6.442890 -4.063691 3.673187 -5.149719 0.789115 11.856784 0.010669 11.598676 -8.826845 2.915073 -0.785562 7.690821 -3.868296 5.343822 6.355108 -11.797773 3.407794 2.239064 4.538818 -102.610364 0.078420 0.068050 -0.116236 0.014699 -0.034626 -0.039693 -0.084008 -0.030701 -0.032742 0.108359 -0.103724 -0.074669 -0.062021 -0.051478 0.070879 -0.037757 0.002163 0.069199 0.020681 -0.029984 0.063140 0.013122 0.080448 -0.120000 -0.055255 0.067275 -0.072935 0.066937 
9.472467 -2.579070 0.337784 8.721704 10.695442 -7.036220 2.006477 -2.423526 -0.184069 2.434853 -8.443821 0.111589 2.440019 9.703713 -4.943649 0.927388 -0.448329 0.168938 -7.676698 -0.880581 7.555618 -2.701737 -4.964566 -7.208614 0.126911 -8.564750 -8.841361 -7.632633 9.190849 -2.025077 -8.410675 -9.433135 -8.854952 4.236032 -7.745857 -11.923060 -7.205999 -2.422553 -5.305884 -11.418438 4.493105 -1.430948 9.940605 -3.870964 3.421577 -3.669579 2.100403 2.897332 5.730041 9.698481 -7.946790 8.086834 -7.314129 -1.785405 -9.661019 -2.480407 -7.764784 5.352343 -0.935503 -1.346933 5.522110 -3.413321 6.109657 -0.850701 -6.553374 2.654425 0.137533 -1.292723 -6.392057 7.722274 8.783474 10.554126 98.098431 0.073153 0.050165 -0.052561 0.061201 -0.093240 0.055218 0.008779 0.069664 0.009239 0.032183 0.000469 -0.026727 -0.028615 0.034542 -0.132486 -0.021820 0.020658 -0.095167 -0.118413 -0.078337 0.059733 0.083027 0.033885 -0.047064 0.058440 -0.019317 0.060299 
-4.659522 -0.057501 -3.470549 8.212960 1.525139 5.134413 -6.504732 0.729006 -1.349098 6.998073 6.902215 6.777232 0.562294 9.490615 0.530255 -1.236246 1.204123 7.812570 4.033800 7.524324 5.871380 -6.692694 -8.901874 -2.487593 11.620111 0.357717 10.452804 12.245937 -3.271810 -8.934815 -5.413277 4.798692 -11.661562 11.053100 1.560175 3.486646 3.199572 7.721446 2.249336 -11.470287 -5.310207 -4.019849 -6.830563 -2.437669 3.409805 5.521824 5.328147 6.504109 0.436640 -8.388373 4.817561 10.901225 7.463644 -5.719422 7.693992 -7.132551 -5.194852 7.445464 2.643053 10.515550 5.583607 -4.887489 -4.448281 1.999491 -1.043589 -2.813339 14.115979 -1.103976 4.380197 1.768152 -0.600363 -9.397281 -2.077250 -111.830713 -0.060136 0.013465 -0.125662 0.081283 -0.071013 0.000665 0.044006 0.018059 -0.024727 -0.053276 -0.072605 -0.031177 0.053994 0.006597 0.087825 0.033852 0.007429 -0.009113 0.135944 0.087051 -0.041774 -0.004521 -0.007976 0.053838 0.083613 0.040515 
2.141860 -3.208755 5.036913 1.517093 9.501178 -6.757188 0.265979 -8.639773 -0.358219 -4.791211 7.057730 1.693054 -5.987494 -0.145662 7.809703 7.977033 -6.415664 -5.337159 1.077598 -8.706702 2.902722 1.137844 -2.670630 -5.656786 9.585173 0.642632 -7.507664 -7.525547 8.756756 -4.010833 -1.579386 -2.523401 1.065029 -10.138887 12.126090 -1.170989 8.628116 -6.465473 -2.905560 -8.063782 4.440958 -1.354005 7.953748 8.178344 -3.530011 -7.681142 4.861649 -9.390906 -1.643823 -1.091467 9.993585 -3.190039 4.722418 -0.079845 -10.948983 0.988401 1.362091 7.435199 13.467623 -4.139455 2.760466 -3.226913 11.076953 -12.777924 -11.524603 -9.348775 -8.942754 2.186023 -13.023441 -10.677903 6.949912 -3.634416 -1.091853 4.568119 -105.583938 -0.030912 -0.008562 0.049327 0.045489 0.032694 -0.124964 -0.097524 -0.105272 0.034634 0.045602 0.030194 -0.113585 -0.082577 -0.130537 0.080733 0.043572 0.061320 -0.051478 -0.020700 0.049539 0.030657 0.051524 0.042517 -0.025157 -0.003255 
-4.000513 1.442795 1.160478 2.110422 7.970368 -4.325394 0.562237 6.443425 5.418546 3.739516 6.045957 0.370738 4.927272 -9.238416 -5.761227 0.513562 4.399476 -10.261700 2.527884 1.375016 1.967607 7.794290 -3.003894 8.740206 7.055238 1.052592 7.371562 0.784957 6.560403 -10.200177 3.476310 -7.768854 -0.863785 -5.842782 11.254072 9.377974 1.770319 5.427943 3.658856 -6.581189 1.429258 -7.432876 2.637172 1.528561 -1.720752 -10.386664 0.508908 8.434464 -9.024656 -11.403871 -2.108417 5.351999 7.220137 2.396307 6.171834 -0.860621 2.077375 -5.720758 4.240968 6.627995 0.128465 -9.563251 -13.233114 -4.023663 7.868144 -15.364366 4.208530 0.116334 1.718391 0.408494 -2.478260 8.590549 -0.400457 1.371157 6.225564 107.522672 0.077819 0.035675 0.019552 0.005826 -0.075471 0.025552 0.024712 0.036543 -0.061668 0.062009 -0.008950 0.100436 0.020347 0.036143 -0.072217 0.081258 0.034975 0.048791 -0.083114 0.089144 0.010013 -0.081096 -0.013116 -0.101427 
5.526756 9.999801 8.267839 -6.662163 6.259687 -7.679131 3.607216 -3.362717 -2.615571 -2.036407 -1.597508 6.168932 7.183278 -7.608484 -8.598265 1.546531 -3.165727 -2.542940 8.182748 -2.848631 -2.325926 -9.123573 0.294802 2.010328 -11.482454 2.949408 -5.285347 -5.784412 -7.852247 -6.223041 4.554416 4.326845 6.314169 -11.973481 -12.121466 -5.043658 7.360765 -1.816941 7.034183 -4.793844 9.050108 -5.058086 2.738230 8.251820 1.353710 2.433378 12.302456 -5.621628 -11.802296 -1.216942 8.722255 -5.165188 -0.738288 0.452306 -4.805149 6.905368 6.080474 -6.895478 10.569921 -7.183735 -1.586096 1.539892 -7.797663 -2.670956 -2.379254 -8.935762 1.359114 -5.934508 -8.964969 9.804986 5.511689 3.939639 5.617722 1.275988 3.711484 -7.755836 106.426205 0.012910 0.001222 0.083972 -0.088525 0.058816 0.040862 -0.074883 0.090493 -0.093489 -0.020530 0.063534 0.105358 -0.037737 0.058618 0.076351 0.031856 0.011378 -0.032464 0.085686 0.084253 -0.037658 -0.021978 0.028262 
-8.356727 -5.440070 -7.412457 6.061115 9.720239 5.599863 -3.959133 -4.403700 1.846134 -4.405268 -6.647990 6.986816 -2.216956 -2.507813 6.542113 3.248329 -3.120482 0.814516 1.097181 -6.004179 1.812569 -1.474932 5.814101 -7.556449 5.976728 -0.823731 1.019646 -10.027023 -2.708306 4.774215 -8.663975 -0.791904 -1.416784 -2.606738 5.789962 4.542481 -10.292661 -9.108822 4.584942 -5.163488 -5.962978 4.598375 7.393980 6.799022 -1.779283 -1.706266 -9.008262 5.292810 6.164920 6.356476 3.134928 4.126801 8.098398 8.622716 4.071724 4.969489 -5.740937 5.940159 2.984579 5.952707 5.100714 7.259591 10.194055 11.477076 0.933631 -0.665824 10.214707 6.805297 -11.194207 -2.801998 -17.671568 -4.962108 -2.027691 2.771179 -6.378657 -9.659278 -6.611366 -104.929011 -0.089397 0.049770 0.023877 -0.109011 -0.068840 0.094488 0.056050 -0.067604 -0.038618 0.103842 -0.013823 -0.003056 -0.129850 0.050427 0.016757 0.037914 -0.038152 0.010578 -0.079369 -0.033761 0.122561 -0.031991 
5.383226 7.135172 -2.068761 -1.692324 8.327797 -1.078143 -0.741223 -4.184811 7.985350 -8.088191 -5.754301 9.512826 1.090557 2.463162 0.117952 -4.028240 -4.745999 0.003057 -8.682902 2.530142 -2.222288 11.304759 -9.584580 2.121521 7.011006 2.300842 -0.783281 -7.510178 3.206699 -9.483588 -4.415388 -0.105027 5.266630 -6.679568 -9.288124 -0.740744 -4.870237 1.919112 6.054958 3.930174 3.576267 1.927383 -4.659424 -2.975651 2.123977 -2.392764 -1.955382 3.145965 -3.418703 10.408176 3.742134 2.035874 5.137366 1.845321 -4.866851 7.730607 -5.399646 2.615559 1.703563 3.303833 0.737270 10.957768 9.152558 -4.460424 5.163528 -0.455250 -4.721222 4.039359 -0.855823 10.222658 -4.734760 3.194632 1.885611 0.963646 8.929933 0.682631 -11.390026 5.269358 -102.601106 0.025388 -0.046187 -0.048996 -0.025876 0.031456 0.010057 0.041277 0.058175 -0.011078 0.049187 -0.015336 -0.025877 -0.059374 -0.062272 -0.072511 0.082765 -0.088551 -0.078460 0.068153 -0.001534 0.058879 
-9.721540 6.349620 8.682496 -0.620997 -7.911459 -6.923808 -2.554660 -2.673586 -2.919179 -8.642057 -9.672370 4.681071 1.035283 10.152261 1.841254 3.665518 2.161154 -6.478184 -8.348169 1.685536 6.328809 -9.584403 8.713200 2.030188 -1.843692 3.530996 -11.106073 -3.549270 -2.045916 -3.543677 4.015920 -5.221434 2.720847 -6.032546 6.551801 -3.744258 -4.663819 -4.624931 -5.390385 7.469819 3.073215 -5.856844 -1.461496 4.036605 3.756190 11.999386 -5.012419 4.188378 8.731139 1.621771 4.016935 9.722312 6.277659 -3.755826 5.465276 8.871389 6.993984 -3.543869 1.471722 5.966249 6.444091 7.212799 -0.078062 -0.299579 -12.400466 2.267724 7.888501 9.285016 9.957099 -9.032626 -4.492531 4.574177 -9.414277 0.548039 4.458802 -2.764546 2.624080 -6.719707 -3.235025 109.776438 -0.028550 -0.100735 -0.019242 -0.095116 0.113964 -0.078503 0.074446 0.007034 0.105936 -0.061613 0.044662 0.048336 -0.019875 0.102408 -0.090102 -0.038206 -0.010342 -0.011827 -0.021050 0.030570 
-4.657269 6.465506 -5.860259 10.293459 -7.316971 0.759127 8.291087 0.854093 -4.827000 1.303986 -8.460141 -1.947664 6.465916 4.833669 0.346952 3.673955 -9.489706 2.498250 -2.353939 -5.438935 -5.465545 6.319938 2.050760 -5.610582 -10.505516 12.469297 -9.653916 -5.682975 -3.143241 -2.887523 0.704438 -3.384043 -4.623140 2.238502 2.693484 4.515649 1.025365 0.621043 -5.848019 2.261283 3.726900 11.712080 -7.688467 10.592215 -11.188298 7.584930 -2.603833 9.144276 -5.129306 13.016013 3.623127 4.845873 3.601810 -0.433172 -10.105715 1.862245 11.276582 8.768215 9.085969 -7.123739 1.287779 -6.888370 -10.534874 -2.882870 -15.586511 -4.029941 0.780897 6.925786 -3.396595 -7.769945 -7.023596 4.592635 -4.571243 6.614750 -6.865536 3.044879 3.704861 -2.312109 3.808477 -4.132756 -107.691430 0.119439 0.073467 0.070113 -0.042873 -0.092853 0.102778 -0.021863 0.023870 0.132861 -0.044352 -0.051017 0.016229 0.109129 -0.105942 -0.059120 0.098351 0.083619 -0.004163 -0.048265 
6.644212 3.912931 8.534132 -8.718320 2.979609 -3.150689 -4.682302 -10.418192 -3.527968 -0.745380 -9.304767 -2.165926 0.293366 3.063779 3.872156 2.601750 5.474252 -10.500036 6.815694 -7.164032 9.775362 0.892974 10.197614 3.695683 -10.116296 10.077262 7.424958 0.409411 8.649029 -8.379689 -5.906870 1.855077 4.285783 -7.252244 -7.602445 1.976197 4.348041 -7.616195 6.180317 1.516079 7.582086 -0.389496 -3.473652 -4.122311 6.986000 -2.953767 -10.462343 7.285088 9.345411 -1.324798 -8.209895 10.362240 -7.648313 -4.174796 0.672714 -2.620743 -10.300556 -9.975123 11.708768 -5.328003 2.570032 4.161429 -6.488647 8.125015 1.784046 -7.133978 -0.663999 -9.158139 3.995848 -4.752374 -8.483559 -7.584269 5.319870 -0.055544 -2.226593 5.272220 -2.696590 2.762807 4.154055 3.741108 -4.550948 -96.139082 0.025565 0.005579 0.012852 0.138042 0.008133 0.053958 -0.090047 0.091161 0.036642 0.059802 -0.078386 -0.008954 -0.027261 0.137725 -0.072318 -0.054890 -0.017378 0.068983 
-1.243342 -4.715658 0.512733 -6.035133 2.680586 -7.257212 -7.046618 5.656337 -8.612678 -0.279094 -0.605828 8.397506 5.439721 -3.188006 -9.246552 -5.971919 5.884715 -4.283996 -7.076982 -7.102449 3.430151 1.619993 -8.790646 -8.055206 6.675607 4.833335 4.081955 -6.061232 2.703597 4.114574 6.720184 -1.198597 -9.913176 -4.404018 7.859933 -5.132725 -10.093475 -4.958546 -2.495802 -7.565081 5.788993 -1.834747 7.433733 -1.096949 -9.468921 8.293800 0.637556 -10.029739 -1.709753 -7.867813 -8.327248 -7.651748 -2.618024 6.388232 -7.090096 3.253972 -1.597617 -4.762707 7.973051 5.731253 4.599633 4.574041 -4.712391 -9.035275 -1.133997 -6.774328 -4.098231 -3.181577 -8.764367 3.755644 6.981406 2.431315 6.477522 8.438988 12.157248 -10.916743 8.961866 3.712189 -5.349161 -8.479047 11.616638 -5.264554 -99.736031 0.125209 0.071364 -0.097019 -0.039133 0.022949 -0.015957 0.007914 -0.001143 0.043538 -0.000487 -0.047684 -0.012775 -0.002114 -0.045937 0.046100 -0.000204 -0.057722 
4.641519 4.645942 -8.315240 8.917852 9.921520 -6.942718 -9.790205 5.293152 1.821538 -1.405279 -7.631937 9.706525 6.995394 -3.074251 -5.772850 6.320218 1.903999 -4.922127 5.650184 0.943358 9.132259 -7.262192 -5.265076 7.924490 6.975164 0.382440 -1.834673 -3.772326 -0.403701 -10.524869 0.895505 9.192505 -3.916280 -1.644112 7.589778 3.251407 0.321083 3.449318 -5.453425 -2.617038 4.550801 -2.314461 -9.226300 -9.991886 -10.896806 -8.210647 -0.835361 9.357017 1.194109 -4.109355 5.051755 -8.660671 4.353713 2.530613 -10.912736 7.756972 -2.539406 6.162994 -9.747017 -12.191977 7.361423 -9.950504 3.248920 -4.142689 -2.445831 6.434181 9.544508 -3.157943 3.960779 -3.927898 1.719343 -5.999518 3.880500 -5.057654 3.617646 -5.059271 -8.555596 -8.026182 -3.233657 -6.405636 -3.149865 -13.451143 4.564867 -112.616996 -0.039017 -0.026151 -0.003740 0.008276 -0.117694 -0.009198 0.083624 0.000085 0.074324 0.078597 0.038868 0.024403 0.089044 -0.002741 -0.115047 0.045619 
-1.647179 3.453188 6.800221 1.711747 5.320809 -0.636050 7.266828 6.295070 5.793529 7.318687 -7.987261 6.847799 -0.232615 -4.354558 6.752280 -5.814260 -2.460396 10.782036 6.565674 9.065178 -7.742315 1.004375 4.102567 -2.081253 -7.916898 10.367152 -3.208818 1.083412 6.117908 -7.060087 8.477175 -7.572283 7.385289 1.453041 -11.048411 -2.133504 -10.038989 6.248920 -2.240581 1.619300 -9.060276 -2.107140 2.188879 -2.668851 -4.893775 9.690001 6.550917 -0.692931 -7.473748 10.773108 -2.022789 -0.344855 -3.626632 -0.109259 7.291673 -4.542656 5.081972 2.127169 -2.214731 1.546318 -8.265505 1.114852 -8.439468 8.886573 10.738486 -8.673370 -1.992722 4.658939 7.097001 -8.225493 9.083381 1.987193 -1.545598 10.049186 4.641233 4.292268 -5.408290 2.046572 -2.582076 -2.180316 -10.072017 1.368323 -2.856576 6.150931 -101.980510 0.101621 0.107496 0.087506 -0.077022 0.126267 0.071032 -0.058791 -0.000181 0.014975 0.109996 0.029198 -0.075749 -0.007441 -0.003083 0.031145 
-4.948028 -1.876773 4.770888 -5.588460 -3.260150 10.491816 -2.434884 -8.607866 6.435833 6.951006 4.930097 -10.932768 4.381580 -4.245321 5.611977 2.582457 4.510439 6.955715 -7.097205 5.739037 7.674726 11.674227 -2.468139 8.101334 -6.673516 5.010821 2.464308 -6.703752 -5.407203 12.293866 4.071694 -5.905000 -0.570854 -2.724874 7.915188 -5.468563 5.956512 -6.548498 6.800527 -2.044420 3.541843 -2.292057 2.115017 8.950432 5.664484 4.922514 5.685831 5.377344 6.326913 -2.701376 6.336391 -8.210205 3.407098 -6.658961 4.260402 -3.841804 0.672882 7.771720 -0.999899 -7.145927 -12.086168 -9.939674 6.883720 0.747340 6.791949 -5.721266 -6.144044 2.335691 6.412841 -10.169109 0.137372 0.277372 -0.153761 -15.654119 2.564356 -3.224123 11.537505 -2.914442 -13.591989 -9.730255 -0.660113 -0.815653 -10.566620 -1.693849 3.968935 101.783875 0.129329 0.023842 0.063199 0.080808 -0.144581 0.049603 0.153313 -0.032720 -0.123953 0.056409 -0.003717 0.146539 0.000682 -0.021356 
3.917211 -6.971748 6.160763 -4.258066 -7.601965 2.169654 -6.380286 5.149418 -0.143252 -5.433547 -1.759150 5.865787 7.701954 -2.121643 0.706202 9.637137 -6.680427 9.170662 9.958368 8.779462 -1.463940 6.031366 6.857050 -2.024352 -0.956689 -1.723230 12.194070 3.189006 -0.972419 3.262524 1.129629 -1.020754 -6.367560 -10.533826 10.060265 -6.722593 5.445084 4.612552 2.261269 -6.758184 -2.996033 4.273504 -8.761179 -7.507196 -1.928808 5.824357 8.787055 -5.732635 -0.064628 -9.871961 -1.806104 3.596668 -0.619336 -2.037499 2.093639 11.597734 11.796209 5.894208 11.372070 -1.392675 -1.525537 -8.684035 6.369822 5.072172 2.564692 1.852870 5.397826 -0.120815 9.972533 -8.386985 -8.674834 -0.624391 -8.440121 -4.644588 4.534823 1.160844 0.202896 4.922472 1.096716 -8.614907 0.212305 -9.855600 8.162603 -3.288557 -9.232872 4.732519 105.491682 0.033878 -0.002053 0.048076 -0.111311 -0.069449 -0.027638 -0.065559 -0.018266 0.097339 -0.018973 -0.036949 -0.098745 0.110497 
-7.501306 -5.321741 6.846927 4.681638 0.782985 -2.629835 -3.617641 -2.592020 -9.612788 -8.816519 -1.709215 3.043494 -6.508877 -0.051855 -5.587744 -10.352906 3.564475 -4.817153 5.535515 -2.558739 3.476739 -2.852766 -0.297101 -1.255857 -2.335230 3.260331 -9.311612 -5.663383 2.329481 3.723370 -6.900020 -3.425328 -7.030611 2.476096 -2.105567 -0.547729 9.767635 -3.320848 9.817008 -7.261444 -3.076769 -6.984074 6.681530 -1.427704 4.220566 -10.049001 -6.961457 -7.344127 3.306987 -3.059641 -13.758543 0.229599 6.478897 -3.757766 4.714921 -4.204611 2.224096 -0.473428 -9.276691 -0.374393 -3.108556 6.379500 -5.137705 5.527823 8.740658 3.478797 -0.492547 -2.467908 5.998155 -9.365144 -4.313411 -0.839330 -9.813670 4.294444 3.477431 -2.870930 11.617917 5.322066 -2.674139 -3.937402 -5.650283 0.601690 2.041611 -2.694227 -2.282938 7.385606 3.130757 101.104993 0.046137 -0.073017 -0.035310 -0.076371 0.071212 0.026766 0.049285 -0.025911 0.109611 0.139989 0.073439 0.051494 
-9.875658 5.263397 -10.136735 -3.133212 -6.273229 3.891822 2.964713 -6.533762 -8.480237 -3.442562 -9.177301 7.824033 -2.152501 -1.230883 -3.644530 5.834989 -9.338488 6.533050 8.192082 5.100561 1.594902 7.341097 2.539836 1.751478 -7.411140 8.555397 -4.130910 -3.270773 -8.616840 6.873032 2.221067 -6.807439 3.720239 -7.241551 -4.427574 1.216684 -1.538233 5.043049 -6.523691 6.088329 0.888768 3.125266 1.261712 -4.800203 8.945331 -9.775586 4.552015 -0.881237 7.649809 6.405095 -3.917512 -7.210783 -4.088750 -6.010541 -2.744552 -7.604281 -0.089296 -1.241234 4.253908 -0.897515 -4.479691 5.600829 1.709782 0.683959 3.865981 -1.282033 5.005158 9.375323 -6.641257 -9.411588 8.802765 7.933343 1.201993 12.669579 -2.084852 -2.390504 1.201830 -6.429844 3.031616 1.140078 1.253619 3.597451 -3.645692 5.361732 -1.020884 -6.225633 -12.533439 -7.407876 -102.644938 0.061477 -0.053912 -0.060912 0.048454 0.039671 0.072074 0.030583 0.000139 0.077495 0.119743 0.026230 
2.893566 0.539208 0.744689 -5.103193 -4.766766 -4.972834 -8.210233 -6.987918 5.380163 4.709419 1.357444 -9.139433 9.289502 6.325201 5.540403 4.286034 6.976877 -10.222811 3.156015 -3.016340 8.738293 5.217179 -6.758918 6.787838 -2.972351 2.254184 0.485064 -1.742728 -9.850715 11.729400 -3.361643 -4.723014 -0.120384 -4.763427 3.969733 0.564665 -4.292133 -2.666528 -6.000237 -7.333963 8.771560 -1.151092 -12.245308 2.221072 4.622247 -1.346522 -4.179168 -4.231779 4.338505 13.818117 -8.903435 -7.279519 -5.343607 -7.033080 1.033940 3.976440 6.425376 8.667461 -1.351670 -0.057546 -4.431420 -12.791230 7.313814 -3.599320 -2.585173 8.119747 -3.864006 -1.892623 -1.969431 -3.627583 -3.772880 -4.306218 -1.951747 -8.510720 -5.879063 0.877718 2.518497 11.561232 -5.770968 0.129916 11.177247 -0.895436 -2.922914 -12.951504 -10.555265 12.807898 -7.297573 2.978306 8.444489 -101.065029 0.008397 0.021759 -0.055768 -0.002105 -0.184655 0.041688 -0.094937 0.042004 -0.013937 -0.032349 
-4.980128 5.773300 2.919586 -2.651756 8.582646 -5.928476 -1.991075 -4.780792 2.247652 2.924414 -6.528007 4.891642 -3.695533 -2.118163 -5.639094 1.152772 9.756362 4.658154 -9.203593 7.764761 7.053601 8.009681 -1.888639 -7.910386 -7.400032 -13.329797 -2.229457 7.308380 -2.383603 -8.350365 -3.932438 2.332408 6.744046 -2.208214 5.814498 -4.075391 -3.852347 5.417334 7.484522 0.499262 -9.405933 3.828121 6.578980 -1.289416 8.373209 -2.143177 7.587607 -6.243244 -3.501249 4.392585 2.511666 -3.809219 -10.954436 0.415514 -1.668494 -2.441229 -9.567793 -3.996292 7.866225 -8.223030 5.453112 -3.873404 -11.723223 12.639680 1.707640 -4.053032 -2.438002 -13.843701 0.997517 8.372439 3.655546 -6.003958 -2.636789 9.090302 -11.968515 1.240039 -8.123427 -2.822036 6.224187 5.758358 -5.976773 7.583466 2.554926 3.236078 -9.045990 -1.947212 -3.737261 -8.059063 -4.491347 7.050021 107.549109 0.022685 0.090195 -0.009051 0.056275 0.009347 0.059507 -0.024769 -0.055658 -0.025364 
2.684238 2.784975 1.546374 7.344061 9.539714 -10.585606 2.693190 2.194402 0.110094 2.470816 -5.589673 -6.855478 1.364241 -4.235356 -7.005087 -1.002213 -0.592481 -7.401060 -0.021867 1.658486 10.801073 1.207247 -3.531506 -8.404874 1.821208 8.391002 -1.446056 -3.628953 6.649258 -5.527656 4.924570 10.858228 -4.879289 -7.538419 -0.400812 1.760913 -4.209284 9.300894 2.323114 5.523811 -0.909600 -2.715892 9.072962 -2.567052 -7.293341 1.906240 3.028736 -9.743610 -3.349836 -10.221596 -7.704126 6.315611 -4.816412 8.584256 -5.670518 -4.551166 3.090799 -1.572708 -3.443687 4.142569 4.996113 0.051499 1.752794 -5.697172 -0.170021 -1.867562 -6.129408 2.618809 -8.512282 -5.056537 -1.773327 -7.452290 2.146235 9.306382 11.084804 -5.184388 9.019904 -5.401622 1.676300 3.244188 6.621033 5.018734 -2.655063 5.437336 2.604149 8.181061 -1.520378 -4.525410 -3.946646 -4.227273 -5.300296 -104.345001 -0.073696 0.048744 0.042109 0.094062 -0.025540 -0.051360 -0.033785 -0.032109 
-5.518629 -1.838487 -6.931806 -5.410405 -2.494771 2.306908 5.753920 6.686563 8.519394 -1.001822 1.543082 2.413026 0.535940 6.440887 9.824215 5.522233 5.218467 -1.156344 -5.016534 -2.339002 -4.085676 -6.294163 -5.474924 -9.122720 3.756396 -2.911432 -7.142224 10.516079 -3.534271 -7.634427 6.589447 4.645830 -9.935664 -4.180818 -9.793738 -5.329165 -9.461976 -11.580974 -0.574687 5.342818 2.241503 4.474350 -2.011694 8.997071 -6.978486 -7.355448 4.125411 -10.007661 4.907951 10.134154 3.572960 0.686714 -1.566952 8.138338 -5.267810 -8.639845 8.376356 7.591989 1.081249 -6.719232 -4.196778 6.562158 -2.749531 6.126080 5.233351 11.856832 6.179173 1.141716 -4.195941 -5.656508 0.222928 0.139948 5.700667 2.075121 -3.580996 0.557549 -4.557907 -7.777442 -2.303152 -7.114977 3.584456 7.375215 -7.915250 0.838345 3.778893 -0.268090 0.349209 -6.977373 -2.965489 5.811423 -4.869165 -1.217645 112.441543 0.027075 -0.125547 0.014452 0.003057 0.020158 -0.084963 -0.017028 
-4.270354 -10.024205 2.152538 -6.806021 -0.122278 0.668829 9.900167 3.572923 -1.539678 7.150907 -4.812436 7.946788 -7.239022 -2.778285 -1.171360 -11.782215 10.029680 -7.957568 -11.044896 -8.936744 -4.623653 8.513097 2.028586 2.490647 -13.922838 -2.937205 3.382018 -0.820349 4.971478 -1.347404 -5.821835 -2.336971 4.040291 -7.896995 -3.215334 -0.025101 -1.931669 -7.398749 8.486308 0.937416 8.304783 -4.654738 -11.680771 -9.693606 -8.964210 -4.058362 -6.618444 6.110626 4.574298 1.572345 -9.357231 3.980945 -7.981063 6.735204 -7.712703 -7.919335 6.461029 -8.638971 0.426119 4.618709 1.762759 -2.315827 6.154693 3.429357 -9.106184 -2.792554 -2.320878 -7.341372 3.247706 -2.794655 5.647844 4.384199 4.515740 6.353235 1.649344 -7.326044 -9.507640 3.307388 5.185849 3.447664 -14.158403 10.284471 8.366735 6.760313 8.625340 -5.658676 0.808942 -1.144698 -2.004992 -11.399309 -2.604248 -5.334282 2.420218 110.774678 -0.006076 0.066245 0.044220 0.084150 0.047032 -0.073418 
3.963750 -5.217920 1.804985 6.441680 3.018668 -7.619889 -5.485536 -6.554977 8.937961 4.652165 2.423985 9.174977 -0.562103 8.426770 -3.670498 -9.423208 8.001837 -1.873570 4.762479 10.727703 6.169359 7.075326 2.187752 -0.276677 10.935070 -10.134332 11.158301 8.810494 -6.209685 4.697812 2.528720 10.522464 6.301845 -2.604316 9.580388 -6.136477 -7.316188 6.114419 1.434411 -7.966082 -5.703856 0.501761 -10.169272 -9.594986 4.988627 -4.616063 -1.961916 -4.405631 8.836670 6.009063 3.841214 0.778036 -3.283153 -1.898383 -1.963947 10.182083 -5.736697 -1.864665 9.874858 -8.301882 4.447666 0.137354 -7.859727 -0.232806 1.594400 10.727200 8.566060 -5.702107 9.381851 -1.635009 -3.122555 9.644318 -5.196881 -0.450958 -10.492674 -0.786324 -1.351804 -8.265754 9.936135 2.213897 -5.477658 6.719769 3.548311 5.992079 -2.433489 -4.874448 8.794212 2.077971 -7.351782 -0.355372 -5.829696 -0.410438 8.438213 9.020684 -99.703154 0.045711 -0.053015 0.073895 0.011333 -0.036107 
8.036265 -2.998208 -5.936264 -8.101673 6.598588 1.553418 -2.621594 -0.614465 0.143044 -0.143534 -6.962786 11.320730 7.310202 -8.224583 -3.697747 -8.144170 3.927150 -5.250876 -8.640111 -6.935728 -1.780321 4.806840 -5.094873 2.987234 -6.794314 0.048320 1.769455 2.613482 -5.500722 -8.164214 -6.545241 2.346732 3.450970 1.110849 -13.609225 -8.213773 -6.695140 1.807973 -8.523453 -6.280552 10.254713 8.365018 -7.230892 -3.852341 -6.113408 -4.120524 12.190371 7.967732 -8.565316 -5.524674 7.029803 8.625162 -6.989322 -3.142136 -1.415213 -1.632491 9.194551 -7.107696 12.207875 0.140730 1.216333 3.774723 6.776553 3.073082 0.207570 5.700704 -3.877303 -17.225623 -1.139711 6.839694 7.054768 9.809045 -1.243265 -2.045199 4.623741 -0.454137 1.823247 1.689589 -8.319926 -0.803385 7.111189 -10.658299 -7.668715 9.353663 -3.518615 2.868091 -6.165628 -4.053686 4.048237 8.605598 -11.625755 2.976109 2.380689 -1.419832 -2.768686 -102.809902 0.050387 -0.008917 0.021435 0.015927 
0.588765 1.618361 0.824458 9.382946 -7.714869 9.587976 -2.093263 7.479087 -3.300540 0.198501 -1.082298 -3.784039 -3.167856 6.786436 2.287212 -1.078557 6.876231 1.381590 -6.370324 3.793823 -0.615262 -2.733760 -5.779222 5.704092 1.587913 -0.140985 -7.614575 6.946833 -4.075591 8.619952 7.979905 -7.240464 6.038534 8.266750 -6.704767 -1.542262 -2.955191 9.516735 -8.111957 -6.700551 -1.883933 8.264514 -7.546939 -0.891580 -1.532432 5.858909 0.433960 -7.521576 0.791340 -4.185696 1.667061 -4.356629 -8.023030 3.361545 -7.564516 -1.404076 11.844935 3.669313 2.697995 1.876045 -2.376308 -9.469392 2.094117 6.326928 7.160683 -3.722078 3.160056 0.275334 8.511780 -7.396936 3.146666 -5.078601 -2.608444 -4.951740 -6.124168 4.256624 -0.844777 8.348193 10.473220 -10.383334 10.468347 1.379984 1.053338 -5.169959 9.763196 -3.791332 -1.015490 -4.741743 3.536152 4.854856 3.361533 6.479110 10.560919 -6.181517 -6.599864 -7.347954 107.447726 -0.067917 -0.065138 -0.038476 
9.136247 5.006018 5.299435 -8.680966 1.101724 5.358464 -6.336488 -6.899068 0.982064 -9.818367 1.489522 7.027821 0.357385 -6.256563 3.908323 -0.541116 5.756970 -7.484426 -0.395413 7.420956 -8.134764 9.144270 6.778247 -3.017212 2.506769 -5.052826 7.556430 -5.262205 10.372210 5.711523 4.145706 9.043583 3.501064 -9.987355 -3.371949 6.865325 -4.359241 -2.690006 2.605279 -2.001158 9.007505 9.921774 2.178943 6.697262 -7.340815 -5.087535 7.051154 8.020275 8.144588 -7.721514 -5.626937 -1.005170 7.655666 -1.375413 2.159531 -7.954776 -0.740341 6.101347 8.479207 6.614954 -6.121274 4.415161 -9.238475 -5.534099 5.333485 -1.114172 0.608892 0.707773 -0.247112 -10.630556 -5.687429 10.035342 -2.280507 -6.525343 3.754399 -18.439199 4.308076 0.940925 1.487599 -1.893706 3.838393 -9.758344 3.650591 6.023933 -3.204945 -3.510415 9.754096 9.584630 3.261932 5.239758 7.391389 5.077544 10.794964 1.845441 4.041110 11.528581 2.417536 -111.500862 -0.039878 -0.021732 
6.027957 -3.297832 9.042414 -3.937282 -7.543703 -9.529951 -5.459827 9.462559 -6.303347 -8.262832 -0.993591 1.761108 -10.095924 -6.532508 -0.897669 -6.018894 6.566116 -0.336658 4.253503 -9.790953 9.786351 5.552245 5.299246 -6.047277 -5.828884 2.263741 4.717528 -5.790393 -1.778704 -6.522945 -4.177815 -6.237910 -3.995524 1.106450 1.483456 0.523003 1.883812 10.421226 -6.171060 0.860185 -7.695435 -10.861513 9.880717 -5.684697 1.706998 11.184507 -7.142062 -3.006580 0.339742 -0.558578 0.660422 1.667679 1.948565 -2.833402 -10.090561 -6.934380 -5.390419 -10.711675 6.268027 -5.442369 -1.773984 2.840073 -13.563942 5.583711 -8.557688 -11.632865 -5.596707 5.979429 -5.026145 -5.301455 -3.300689 7.762387 -2.827812 8.542572 -5.769945 7.710291 4.603228 10.039008 3.432496 -9.256894 -7.715446 -0.526219 2.245086 -7.011597 -2.319091 -5.442728 13.192327 -0.083505 8.851380 6.159248 13.249307 -8.174390 4.857480 6.485338 7.628180 -8.710981 -1.391612 -7.465784 -107.861159 -0.074225 
2.616189 2.346111 0.698732 -7.855412 -8.803955 10.127517 6.986308 8.267658 1.110931 -4.139127 0.952302 -4.139726 3.485123 -6.461708 -4.974419 9.422964 2.592138 -5.656843 3.909732 3.990060 -1.199628 -1.099636 -6.868441 -6.737456 -5.814896 10.058250 -5.382278 -11.194948 0.494269 6.831903 2.579841 -8.116738 5.706325 1.952321 7.875098 5.372564 -12.128055 7.235121 2.240254 8.849983 -3.111811 1.461320 -4.143045 -8.347333 -3.336457 -0.058575 -1.333829 -6.660981 5.056074 1.695735 -4.018470 0.245732 2.435190 1.161120 -6.380211 -2.020416 -6.128298 5.806624 -5.339229 2.646357 2.751981 3.213437 10.632453 -1.951210 7.750539 6.739690 -9.230877 2.723313 5.696012 6.007873 -6.135777 -6.456795 3.723194 10.081056 9.431006 3.937117 -7.765532 -6.743962 3.402960 -16.298619 4.785514 -4.921836 2.428041 -0.701165 1.229789 10.874460 3.148831 -4.544560 6.812796 0.185412 -5.004802 7.960226 7.836420 -1.629166 -1.093487 4.841644 -3.293613 7.881138 -2.483937 103.677028 
